,ACTIVATION_FUNCTION1,ACTIVATION_FUNCTION2,OPTIMIZER,LEARNING RATE,EPOCHS,LOSS,INPUT1,INPUT2,TARGET,PREDICTED,ERROR
0,ReLU,ReLU,Adam,0.01,100,1.,0,1,1,0.0,1.0
1,ReLU,ReLU,Adam,0.01,100,1.,1,1,0,0.0,0.0
2,ReLU,ReLU,Adam,0.01,1000,1.,0,1,1,0.0,1.0
3,ReLU,ReLU,Adam,0.01,1000,1.,1,1,0,0.0,0.0
4,ReLU,ReLU,Adam,0.01,2000,1.,0,1,1,0.0,1.0
5,ReLU,ReLU,Adam,0.01,2000,1.,1,1,0,0.0,0.0
6,ReLU,ReLU,Adam,0.01,5000,1.,0,1,1,0.0,1.0
7,ReLU,ReLU,Adam,0.01,5000,1.,1,1,0,0.0,0.0
8,ReLU,ReLU,Adam,0.01,10000,1.,0,1,1,0.0,1.0
9,ReLU,ReLU,Adam,0.01,10000,1.,1,1,0,0.0,0.0
10,ReLU,ReLU,Adam,0.05,100,1.,0,1,1,0.0,1.0
11,ReLU,ReLU,Adam,0.05,100,1.,1,1,0,0.1479,0.1479
12,ReLU,ReLU,Adam,0.05,1000,1.,0,1,1,0.0,1.0
13,ReLU,ReLU,Adam,0.05,1000,1.,1,1,0,0.1479,0.1479
14,ReLU,ReLU,Adam,0.05,2000,1.,0,1,1,0.0,1.0
15,ReLU,ReLU,Adam,0.05,2000,1.,1,1,0,0.1479,0.1479
16,ReLU,ReLU,Adam,0.05,5000,1.,0,1,1,0.0,1.0
17,ReLU,ReLU,Adam,0.05,5000,1.,1,1,0,0.1479,0.1479
18,ReLU,ReLU,Adam,0.05,10000,1.,0,1,1,0.0,1.0
19,ReLU,ReLU,Adam,0.05,10000,1.,1,1,0,0.1479,0.1479
20,ReLU,ReLU,Adam,0.1,100,0.8623,0,1,1,0.288,0.712
21,ReLU,ReLU,Adam,0.1,100,0.8623,1,1,0,0.288,0.288
22,ReLU,ReLU,Adam,0.1,1000,0.6223,0,1,1,0.3836,0.6164
23,ReLU,ReLU,Adam,0.1,1000,0.6223,1,1,0,0.3836,0.3836
24,ReLU,ReLU,Adam,0.1,2000,0.5250,0,1,1,0.4703,0.5297
25,ReLU,ReLU,Adam,0.1,2000,0.5250,1,1,0,0.4703,0.4703
26,ReLU,ReLU,Adam,0.1,5000,0.5064,0,1,1,0.5429,0.4571
27,ReLU,ReLU,Adam,0.1,5000,0.5064,1,1,0,0.5429,0.5429
28,ReLU,ReLU,Adam,0.1,10000,0.5220,0,1,1,0.5973,0.4027
29,ReLU,ReLU,Adam,0.1,10000,0.5220,1,1,0,0.5973,0.5973
30,ReLU,ReLU,Adam,0.9,100,0.4580,0,1,1,0.0,1.0
31,ReLU,ReLU,Adam,0.9,100,0.4580,1,1,0,1.0712,1.0712
32,ReLU,ReLU,Adam,0.9,1000,0.2192,0,1,1,0.3153,0.6847
33,ReLU,ReLU,Adam,0.9,1000,0.2192,1,1,0,4.4526,4.4526
34,ReLU,ReLU,Adam,0.9,2000,6.5922,0,1,1,0.0,1.0
35,ReLU,ReLU,Adam,0.9,2000,6.5922,1,1,0,1.1858,1.1858
36,ReLU,ReLU,Adam,0.9,5000,0.2026,0,1,1,0.0,1.0
37,ReLU,ReLU,Adam,0.9,5000,0.2026,1,1,0,0.0,0.0
38,ReLU,ReLU,Adam,0.9,10000,1.,0,1,1,0.0,1.0
39,ReLU,ReLU,Adam,0.9,10000,1.,1,1,0,0.0,0.0
40,ReLU,ReLU,Adam,1.0,100,0.1898,0,1,1,0.0,1.0
41,ReLU,ReLU,Adam,1.0,100,0.1898,1,1,0,0.0,0.0
42,ReLU,ReLU,Adam,1.0,1000,1.,0,1,1,0.0,1.0
43,ReLU,ReLU,Adam,1.0,1000,1.,1,1,0,0.0,0.0
44,ReLU,ReLU,Adam,1.0,2000,1.,0,1,1,0.0,1.0
45,ReLU,ReLU,Adam,1.0,2000,1.,1,1,0,0.0,0.0
46,ReLU,ReLU,Adam,1.0,5000,1.,0,1,1,0.0,1.0
47,ReLU,ReLU,Adam,1.0,5000,1.,1,1,0,0.0,0.0
48,ReLU,ReLU,Adam,1.0,10000,1.,0,1,1,0.0,1.0
49,ReLU,ReLU,Adam,1.0,10000,1.,1,1,0,0.0,0.0
50,ReLU,ReLU,Adam,0.01,100,0.5586,0,1,1,0.4682,0.5318
51,ReLU,ReLU,Adam,0.01,100,0.5586,1,1,0,0.2953,0.2953
52,ReLU,ReLU,Adam,0.01,1000,0.5545,0,1,1,0.4697,0.5303
53,ReLU,ReLU,Adam,0.01,1000,0.5545,1,1,0,0.2991,0.2991
54,ReLU,ReLU,Adam,0.01,2000,0.5505,0,1,1,0.4711,0.5289
55,ReLU,ReLU,Adam,0.01,2000,0.5505,1,1,0,0.3028,0.3028
56,ReLU,ReLU,Adam,0.01,5000,0.5466,0,1,1,0.4723,0.5277
57,ReLU,ReLU,Adam,0.01,5000,0.5466,1,1,0,0.3063,0.3063
58,ReLU,ReLU,Adam,0.01,10000,0.5428,0,1,1,0.4735,0.5265
59,ReLU,ReLU,Adam,0.01,10000,0.5428,1,1,0,0.3097,0.3097
60,ReLU,ReLU,Adam,0.05,100,1.,0,1,1,0.0,1.0
61,ReLU,ReLU,Adam,0.05,100,1.,1,1,0,0.0,0.0
62,ReLU,ReLU,Adam,0.05,1000,1.,0,1,1,0.0,1.0
63,ReLU,ReLU,Adam,0.05,1000,1.,1,1,0,0.0,0.0
64,ReLU,ReLU,Adam,0.05,2000,1.,0,1,1,0.0,1.0
65,ReLU,ReLU,Adam,0.05,2000,1.,1,1,0,0.0,0.0
66,ReLU,ReLU,Adam,0.05,5000,1.,0,1,1,0.0,1.0
67,ReLU,ReLU,Adam,0.05,5000,1.,1,1,0,0.0,0.0
68,ReLU,ReLU,Adam,0.05,10000,1.,0,1,1,0.0,1.0
69,ReLU,ReLU,Adam,0.05,10000,1.,1,1,0,0.0,0.0
70,ReLU,ReLU,Adam,0.1,100,1.,0,1,1,0.0,1.0
71,ReLU,ReLU,Adam,0.1,100,1.,1,1,0,0.0,0.0
72,ReLU,ReLU,Adam,0.1,1000,1.,0,1,1,0.0,1.0
73,ReLU,ReLU,Adam,0.1,1000,1.,1,1,0,0.0,0.0
74,ReLU,ReLU,Adam,0.1,2000,1.,0,1,1,0.0,1.0
75,ReLU,ReLU,Adam,0.1,2000,1.,1,1,0,0.0,0.0
76,ReLU,ReLU,Adam,0.1,5000,1.,0,1,1,0.0,1.0
77,ReLU,ReLU,Adam,0.1,5000,1.,1,1,0,0.0,0.0
78,ReLU,ReLU,Adam,0.1,10000,1.,0,1,1,0.0,1.0
79,ReLU,ReLU,Adam,0.1,10000,1.,1,1,0,0.0,0.0
80,ReLU,ReLU,Adam,0.9,100,0.6103,0,1,1,0.0,1.0
81,ReLU,ReLU,Adam,0.9,100,0.6103,1,1,0,0.0,0.0
82,ReLU,ReLU,Adam,0.9,1000,0.8668,0,1,1,1.2849,0.2849
83,ReLU,ReLU,Adam,0.9,1000,0.8668,1,1,0,1.4837,1.4837
84,ReLU,ReLU,Adam,0.9,2000,2.7843,0,1,1,0.0,1.0
85,ReLU,ReLU,Adam,0.9,2000,2.7843,1,1,0,0.0,0.0
86,ReLU,ReLU,Adam,0.9,5000,1.,0,1,1,0.0,1.0
87,ReLU,ReLU,Adam,0.9,5000,1.,1,1,0,0.0,0.0
88,ReLU,ReLU,Adam,0.9,10000,1.,0,1,1,0.0,1.0
89,ReLU,ReLU,Adam,0.9,10000,1.,1,1,0,0.0,0.0
90,ReLU,ReLU,Adam,1.0,100,0.4745,0,1,1,0.0,1.0
91,ReLU,ReLU,Adam,1.0,100,0.4745,1,1,0,0.1148,0.1148
92,ReLU,ReLU,Adam,1.0,1000,0.5329,0,1,1,1.3386,0.3386
93,ReLU,ReLU,Adam,1.0,1000,0.5329,1,1,0,1.4644,1.4644
94,ReLU,ReLU,Adam,1.0,2000,2.3601,0,1,1,0.0,1.0
95,ReLU,ReLU,Adam,1.0,2000,2.3601,1,1,0,0.0,0.0
96,ReLU,ReLU,Adam,1.0,5000,1.,0,1,1,0.0,1.0
97,ReLU,ReLU,Adam,1.0,5000,1.,1,1,0,0.0,0.0
98,ReLU,ReLU,Adam,1.0,10000,1.,0,1,1,0.0,1.0
99,ReLU,ReLU,Adam,1.0,10000,1.,1,1,0,0.0,0.0
100,ReLU,ReLU,sgd.SGD,0.01,100,0.6786,0,1,1,0.2131,0.7869
101,ReLU,ReLU,sgd.SGD,0.01,100,0.6786,1,1,0,0.2131,0.2131
102,ReLU,ReLU,sgd.SGD,0.01,1000,0.6646,0,1,1,0.2246,0.7754
103,ReLU,ReLU,sgd.SGD,0.01,1000,0.6646,1,1,0,0.2246,0.2246
104,ReLU,ReLU,sgd.SGD,0.01,2000,0.6517,0,1,1,0.2356,0.7644
105,ReLU,ReLU,sgd.SGD,0.01,2000,0.6517,1,1,0,0.2356,0.2356
106,ReLU,ReLU,sgd.SGD,0.01,5000,0.6398,0,1,1,0.2462,0.7538
107,ReLU,ReLU,sgd.SGD,0.01,5000,0.6398,1,1,0,0.2462,0.2462
108,ReLU,ReLU,sgd.SGD,0.01,10000,0.6288,0,1,1,0.2564,0.7436
109,ReLU,ReLU,sgd.SGD,0.01,10000,0.6288,1,1,0,0.2564,0.2564
110,ReLU,ReLU,sgd.SGD,0.05,100,0.8258,0,1,1,0.7829,0.2171
111,ReLU,ReLU,sgd.SGD,0.05,100,0.8258,1,1,0,0.5609,0.5609
112,ReLU,ReLU,sgd.SGD,0.05,1000,0.7484,0,1,1,0.7556,0.2444
113,ReLU,ReLU,sgd.SGD,0.05,1000,0.7484,1,1,0,0.5606,0.5606
114,ReLU,ReLU,sgd.SGD,0.05,2000,0.7155,0,1,1,0.7301,0.2699
115,ReLU,ReLU,sgd.SGD,0.05,2000,0.7155,1,1,0,0.5584,0.5584
116,ReLU,ReLU,sgd.SGD,0.05,5000,0.6878,0,1,1,0.7065,0.2935
117,ReLU,ReLU,sgd.SGD,0.05,5000,0.6878,1,1,0,0.5551,0.5551
118,ReLU,ReLU,sgd.SGD,0.05,10000,0.6642,0,1,1,0.6846,0.3154
119,ReLU,ReLU,sgd.SGD,0.05,10000,0.6642,1,1,0,0.551,0.551
120,ReLU,ReLU,sgd.SGD,0.1,100,1.,0,1,1,0.0,1.0
121,ReLU,ReLU,sgd.SGD,0.1,100,1.,1,1,0,0.0,0.0
122,ReLU,ReLU,sgd.SGD,0.1,1000,1.,0,1,1,0.0,1.0
123,ReLU,ReLU,sgd.SGD,0.1,1000,1.,1,1,0,0.0,0.0
124,ReLU,ReLU,sgd.SGD,0.1,2000,1.,0,1,1,0.0,1.0
125,ReLU,ReLU,sgd.SGD,0.1,2000,1.,1,1,0,0.0,0.0
126,ReLU,ReLU,sgd.SGD,0.1,5000,1.,0,1,1,0.0,1.0
127,ReLU,ReLU,sgd.SGD,0.1,5000,1.,1,1,0,0.0,0.0
128,ReLU,ReLU,sgd.SGD,0.1,10000,1.,0,1,1,0.0,1.0
129,ReLU,ReLU,sgd.SGD,0.1,10000,1.,1,1,0,0.0,0.0
130,ReLU,ReLU,sgd.SGD,0.9,100,0.4451,0,1,1,0.6555,0.3445
131,ReLU,ReLU,sgd.SGD,0.9,100,0.4451,1,1,0,1.172,1.172
132,ReLU,ReLU,sgd.SGD,0.9,1000,0.5497,0,1,1,0.0,1.0
133,ReLU,ReLU,sgd.SGD,0.9,1000,0.5497,1,1,0,0.0,0.0
134,ReLU,ReLU,sgd.SGD,0.9,2000,1.,0,1,1,0.0,1.0
135,ReLU,ReLU,sgd.SGD,0.9,2000,1.,1,1,0,0.0,0.0
136,ReLU,ReLU,sgd.SGD,0.9,5000,1.,0,1,1,0.0,1.0
137,ReLU,ReLU,sgd.SGD,0.9,5000,1.,1,1,0,0.0,0.0
138,ReLU,ReLU,sgd.SGD,0.9,10000,1.,0,1,1,0.0,1.0
139,ReLU,ReLU,sgd.SGD,0.9,10000,1.,1,1,0,0.0,0.0
140,ReLU,ReLU,sgd.SGD,1.0,100,1.,0,1,1,0.0,1.0
141,ReLU,ReLU,sgd.SGD,1.0,100,1.,1,1,0,0.0,0.0
142,ReLU,ReLU,sgd.SGD,1.0,1000,1.,0,1,1,0.0,1.0
143,ReLU,ReLU,sgd.SGD,1.0,1000,1.,1,1,0,0.0,0.0
144,ReLU,ReLU,sgd.SGD,1.0,2000,1.,0,1,1,0.0,1.0
145,ReLU,ReLU,sgd.SGD,1.0,2000,1.,1,1,0,0.0,0.0
146,ReLU,ReLU,sgd.SGD,1.0,5000,1.,0,1,1,0.0,1.0
147,ReLU,ReLU,sgd.SGD,1.0,5000,1.,1,1,0,0.0,0.0
148,ReLU,ReLU,sgd.SGD,1.0,10000,1.,0,1,1,0.0,1.0
149,ReLU,ReLU,sgd.SGD,1.0,10000,1.,1,1,0,0.0,0.0
150,ReLU,ReLU,Adam,0.01,100,1.0079,0,1,1,-0.4966,1.4966
151,ReLU,ReLU,Adam,0.01,100,1.0079,1,1,0,-0.3563,0.3563
152,ReLU,ReLU,Adam,0.01,1000,0.9376,0,1,1,-0.484,1.484
153,ReLU,ReLU,Adam,0.01,1000,0.9376,1,1,0,-0.3353,0.3353
154,ReLU,ReLU,Adam,0.01,2000,0.8701,0,1,1,-0.4714,1.4714
155,ReLU,ReLU,Adam,0.01,2000,0.8701,1,1,0,-0.3136,0.3136
156,ReLU,ReLU,Adam,0.01,5000,0.8056,0,1,1,-0.4589,1.4589
157,ReLU,ReLU,Adam,0.01,5000,0.8056,1,1,0,-0.2913,0.2913
158,ReLU,ReLU,Adam,0.01,10000,0.7443,0,1,1,-0.4466,1.4466
159,ReLU,ReLU,Adam,0.01,10000,0.7443,1,1,0,-0.2684,0.2684
160,ReLU,ReLU,Adam,0.05,100,0.5626,0,1,1,0.3752,0.6248
161,ReLU,ReLU,Adam,0.05,100,0.5626,1,1,0,0.3761,0.3761
162,ReLU,ReLU,Adam,0.05,1000,0.5258,0,1,1,0.4162,0.5838
163,ReLU,ReLU,Adam,0.05,1000,0.5258,1,1,0,0.42,0.42
164,ReLU,ReLU,Adam,0.05,2000,0.5004,0,1,1,0.4534,0.5466
165,ReLU,ReLU,Adam,0.05,2000,0.5004,1,1,0,0.4655,0.4655
166,ReLU,ReLU,Adam,0.05,5000,0.4783,0,1,1,0.4849,0.5151
167,ReLU,ReLU,Adam,0.05,5000,0.4783,1,1,0,0.5111,0.5111
168,ReLU,ReLU,Adam,0.05,10000,0.4590,0,1,1,0.509,0.491
169,ReLU,ReLU,Adam,0.05,10000,0.4590,1,1,0,0.5546,0.5546
170,ReLU,ReLU,Adam,0.1,100,0.3884,0,1,1,0.4746,0.5254
171,ReLU,ReLU,Adam,0.1,100,0.3884,1,1,0,0.5031,0.5031
172,ReLU,ReLU,Adam,0.1,1000,0.3506,0,1,1,0.5378,0.4622
173,ReLU,ReLU,Adam,0.1,1000,0.3506,1,1,0,0.5639,0.5639
174,ReLU,ReLU,Adam,0.1,2000,0.3097,0,1,1,0.5798,0.4202
175,ReLU,ReLU,Adam,0.1,2000,0.3097,1,1,0,0.6041,0.6041
176,ReLU,ReLU,Adam,0.1,5000,0.2599,0,1,1,0.599,0.401
177,ReLU,ReLU,Adam,0.1,5000,0.2599,1,1,0,0.628,0.628
178,ReLU,ReLU,Adam,0.1,10000,0.2020,0,1,1,0.5685,0.4315
179,ReLU,ReLU,Adam,0.1,10000,0.2020,1,1,0,0.6444,0.6444
180,ReLU,ReLU,Adam,0.9,100,2.2347,0,1,1,0.4511,0.5489
181,ReLU,ReLU,Adam,0.9,100,2.2347,1,1,0,0.4058,0.4058
182,ReLU,ReLU,Adam,0.9,1000,0.5153,0,1,1,0.8179,0.1821
183,ReLU,ReLU,Adam,0.9,1000,0.5153,1,1,0,0.7986,0.7986
184,ReLU,ReLU,Adam,0.9,2000,0.6818,0,1,1,0.9183,0.0817
185,ReLU,ReLU,Adam,0.9,2000,0.6818,1,1,0,0.9091,0.9091
186,ReLU,ReLU,Adam,0.9,5000,0.8370,0,1,1,0.9544,0.0456
187,ReLU,ReLU,Adam,0.9,5000,0.8370,1,1,0,0.9492,0.9492
188,ReLU,ReLU,Adam,0.9,10000,0.9050,0,1,1,0.9708,0.0292
189,ReLU,ReLU,Adam,0.9,10000,0.9050,1,1,0,0.9674,0.9674
190,ReLU,ReLU,Adam,1.0,100,0.5596,0,1,1,0.8781,0.1219
191,ReLU,ReLU,Adam,1.0,100,0.5596,1,1,0,0.8781,0.8781
192,ReLU,ReLU,Adam,1.0,1000,0.7859,0,1,1,0.903,0.097
193,ReLU,ReLU,Adam,1.0,1000,0.7859,1,1,0,0.903,0.903
194,ReLU,ReLU,Adam,1.0,2000,0.8248,0,1,1,0.8588,0.1412
195,ReLU,ReLU,Adam,1.0,2000,0.8248,1,1,0,0.8588,0.8588
196,ReLU,ReLU,Adam,1.0,5000,0.7575,0,1,1,0.6974,0.3026
197,ReLU,ReLU,Adam,1.0,5000,0.7575,1,1,0,0.6974,0.6974
198,ReLU,ReLU,Adam,1.0,10000,0.5779,0,1,1,0.281,0.719
199,ReLU,ReLU,Adam,1.0,10000,0.5779,1,1,0,0.281,0.281
200,ReLU,ReLU,Adam,0.01,100,0.4241,0,1,1,0.3225,0.6775
201,ReLU,ReLU,Adam,0.01,100,0.4241,1,1,0,0.3898,0.3898
202,ReLU,ReLU,Adam,0.01,1000,0.4112,0,1,1,0.3318,0.6682
203,ReLU,ReLU,Adam,0.01,1000,0.4112,1,1,0,0.4036,0.4036
204,ReLU,ReLU,Adam,0.01,2000,0.3999,0,1,1,0.3403,0.6597
205,ReLU,ReLU,Adam,0.01,2000,0.3999,1,1,0,0.4162,0.4162
206,ReLU,ReLU,Adam,0.01,5000,0.3900,0,1,1,0.3479,0.6521
207,ReLU,ReLU,Adam,0.01,5000,0.3900,1,1,0,0.4277,0.4277
208,ReLU,ReLU,Adam,0.01,10000,0.3812,0,1,1,0.3548,0.6452
209,ReLU,ReLU,Adam,0.01,10000,0.3812,1,1,0,0.4383,0.4383
210,ReLU,ReLU,Adam,0.05,100,1.7953,0,1,1,-0.1628,1.1628
211,ReLU,ReLU,Adam,0.05,100,1.7953,1,1,0,-0.1628,0.1628
212,ReLU,ReLU,Adam,0.05,1000,1.3844,0,1,1,-0.0337,1.0337
213,ReLU,ReLU,Adam,0.05,1000,1.3844,1,1,0,-0.0337,0.0337
214,ReLU,ReLU,Adam,0.05,2000,1.0711,0,1,1,0.0744,0.9256
215,ReLU,ReLU,Adam,0.05,2000,1.0711,1,1,0,0.0744,0.0744
216,ReLU,ReLU,Adam,0.05,5000,0.8601,0,1,1,0.1595,0.8405
217,ReLU,ReLU,Adam,0.05,5000,0.8601,1,1,0,0.1595,0.1595
218,ReLU,ReLU,Adam,0.05,10000,0.7270,0,1,1,0.2248,0.7752
219,ReLU,ReLU,Adam,0.05,10000,0.7270,1,1,0,0.2248,0.2248
220,ReLU,ReLU,Adam,0.1,100,2.8191,0,1,1,-0.3542,1.3542
221,ReLU,ReLU,Adam,0.1,100,2.8191,1,1,0,-0.3542,0.3542
222,ReLU,ReLU,Adam,0.1,1000,1.9594,0,1,1,-0.0713,1.0713
223,ReLU,ReLU,Adam,0.1,1000,1.9594,1,1,0,-0.0713,0.0713
224,ReLU,ReLU,Adam,0.1,2000,1.1528,0,1,1,0.1547,0.8453
225,ReLU,ReLU,Adam,0.1,2000,1.1528,1,1,0,0.1547,0.1547
226,ReLU,ReLU,Adam,0.1,5000,0.7385,0,1,1,0.2828,0.7172
227,ReLU,ReLU,Adam,0.1,5000,0.7385,1,1,0,0.2828,0.2828
228,ReLU,ReLU,Adam,0.1,10000,0.5943,0,1,1,0.3546,0.6454
229,ReLU,ReLU,Adam,0.1,10000,0.5943,1,1,0,0.3546,0.3546
230,ReLU,ReLU,Adam,0.9,100,1.7723,0,1,1,0.9805,0.0195
231,ReLU,ReLU,Adam,0.9,100,1.7723,1,1,0,0.9805,0.9805
232,ReLU,ReLU,Adam,0.9,1000,0.9617,0,1,1,0.9777,0.0223
233,ReLU,ReLU,Adam,0.9,1000,0.9617,1,1,0,0.9777,0.9777
234,ReLU,ReLU,Adam,0.9,2000,0.9564,0,1,1,0.9741,0.0259
235,ReLU,ReLU,Adam,0.9,2000,0.9564,1,1,0,0.9741,0.9741
236,ReLU,ReLU,Adam,0.9,5000,0.9496,0,1,1,0.9693,0.0307
237,ReLU,ReLU,Adam,0.9,5000,0.9496,1,1,0,0.9693,0.9693
238,ReLU,ReLU,Adam,0.9,10000,0.9404,0,1,1,0.9624,0.0376
239,ReLU,ReLU,Adam,0.9,10000,0.9404,1,1,0,0.9624,0.9624
240,ReLU,ReLU,Adam,1.0,100,2.4698,0,1,1,0.9846,0.0154
241,ReLU,ReLU,Adam,1.0,100,2.4698,1,1,0,0.9857,0.9857
242,ReLU,ReLU,Adam,1.0,1000,0.9726,0,1,1,0.9827,0.0173
243,ReLU,ReLU,Adam,1.0,1000,0.9726,1,1,0,0.984,0.984
244,ReLU,ReLU,Adam,1.0,2000,0.9695,0,1,1,0.9804,0.0196
245,ReLU,ReLU,Adam,1.0,2000,0.9695,1,1,0,0.982,0.982
246,ReLU,ReLU,Adam,1.0,5000,0.9656,0,1,1,0.9775,0.0225
247,ReLU,ReLU,Adam,1.0,5000,0.9656,1,1,0,0.9795,0.9795
248,ReLU,ReLU,Adam,1.0,10000,0.9607,0,1,1,0.9737,0.0263
249,ReLU,ReLU,Adam,1.0,10000,0.9607,1,1,0,0.9761,0.9761
250,ReLU,ReLU,sgd.SGD,0.01,100,0.5256,0,1,1,0.3215,0.6785
251,ReLU,ReLU,sgd.SGD,0.01,100,0.5256,1,1,0,0.3521,0.3521
252,ReLU,ReLU,sgd.SGD,0.01,1000,0.4983,0,1,1,0.3358,0.6642
253,ReLU,ReLU,sgd.SGD,0.01,1000,0.4983,1,1,0,0.3629,0.3629
254,ReLU,ReLU,sgd.SGD,0.01,2000,0.4743,0,1,1,0.349,0.651
255,ReLU,ReLU,sgd.SGD,0.01,2000,0.4743,1,1,0,0.373,0.373
256,ReLU,ReLU,sgd.SGD,0.01,5000,0.4533,0,1,1,0.3612,0.6388
257,ReLU,ReLU,sgd.SGD,0.01,5000,0.4533,1,1,0,0.3823,0.3823
258,ReLU,ReLU,sgd.SGD,0.01,10000,0.4346,0,1,1,0.3725,0.6275
259,ReLU,ReLU,sgd.SGD,0.01,10000,0.4346,1,1,0,0.3909,0.3909
260,ReLU,ReLU,sgd.SGD,0.05,100,1.6484,0,1,1,-0.1068,1.1068
261,ReLU,ReLU,sgd.SGD,0.05,100,1.6484,1,1,0,-0.1776,0.1776
262,ReLU,ReLU,sgd.SGD,0.05,1000,1.2455,0,1,1,0.0217,0.9783
263,ReLU,ReLU,sgd.SGD,0.05,1000,1.2455,1,1,0,-0.0297,0.0297
264,ReLU,ReLU,sgd.SGD,0.05,2000,0.9670,0,1,1,0.1232,0.8768
265,ReLU,ReLU,sgd.SGD,0.05,2000,0.9670,1,1,0,0.0883,0.0883
266,ReLU,ReLU,sgd.SGD,0.05,5000,0.7921,0,1,1,0.2006,0.7994
267,ReLU,ReLU,sgd.SGD,0.05,5000,0.7921,1,1,0,0.1787,0.1787
268,ReLU,ReLU,sgd.SGD,0.05,10000,0.6855,0,1,1,0.2594,0.7406
269,ReLU,ReLU,sgd.SGD,0.05,10000,0.6855,1,1,0,0.2479,0.2479
270,ReLU,ReLU,sgd.SGD,0.1,100,1.6012,0,1,1,-0.1888,1.1888
271,ReLU,ReLU,sgd.SGD,0.1,100,1.6012,1,1,0,-0.1095,0.1095
272,ReLU,ReLU,sgd.SGD,0.1,1000,0.9371,0,1,1,-0.0043,1.0043
273,ReLU,ReLU,sgd.SGD,0.1,1000,0.9371,1,1,0,0.0768,0.0768
274,ReLU,ReLU,sgd.SGD,0.1,2000,0.6615,0,1,1,0.1037,0.8963
275,ReLU,ReLU,sgd.SGD,0.1,2000,0.6615,1,1,0,0.1832,0.1832
276,ReLU,ReLU,sgd.SGD,0.1,5000,0.5674,0,1,1,0.1685,0.8315
277,ReLU,ReLU,sgd.SGD,0.1,5000,0.5674,1,1,0,0.2462,0.2462
278,ReLU,ReLU,sgd.SGD,0.1,10000,0.5315,0,1,1,0.2101,0.7899
279,ReLU,ReLU,sgd.SGD,0.1,10000,0.5315,1,1,0,0.2862,0.2862
280,ReLU,ReLU,sgd.SGD,0.9,100,0.4298,0,1,1,0.1717,0.8283
281,ReLU,ReLU,sgd.SGD,0.9,100,0.4298,1,1,0,0.431,0.431
282,ReLU,ReLU,sgd.SGD,0.9,1000,0.3518,0,1,1,-0.2179,1.2179
283,ReLU,ReLU,sgd.SGD,0.9,1000,0.3518,1,1,0,0.2055,0.2055
284,ReLU,ReLU,sgd.SGD,0.9,2000,0.2765,0,1,1,0.5304,0.4696
285,ReLU,ReLU,sgd.SGD,0.9,2000,0.2765,1,1,0,0.8216,0.8216
286,ReLU,ReLU,sgd.SGD,0.9,5000,0.5607,0,1,1,-0.4781,1.4781
287,ReLU,ReLU,sgd.SGD,0.9,5000,0.5607,1,1,0,0.4973,0.4973
288,ReLU,ReLU,sgd.SGD,0.9,10000,0.1949,0,1,1,0.4722,0.5278
289,ReLU,ReLU,sgd.SGD,0.9,10000,0.1949,1,1,0,0.8756,0.8756
290,ReLU,ReLU,sgd.SGD,1.0,100,0.2508,0,1,1,0.2684,0.7316
291,ReLU,ReLU,sgd.SGD,1.0,100,0.2508,1,1,0,0.6524,0.6524
292,ReLU,ReLU,sgd.SGD,1.0,1000,0.3374,0,1,1,0.9851,0.0149
293,ReLU,ReLU,sgd.SGD,1.0,1000,0.3374,1,1,0,0.9985,0.9985
294,ReLU,ReLU,sgd.SGD,1.0,2000,0.9682,0,1,1,0.9795,0.0205
295,ReLU,ReLU,sgd.SGD,1.0,2000,0.9682,1,1,0,0.9977,0.9977
296,ReLU,ReLU,sgd.SGD,1.0,5000,0.9564,0,1,1,0.9692,0.0308
297,ReLU,ReLU,sgd.SGD,1.0,5000,0.9564,1,1,0,0.9962,0.9962
298,ReLU,ReLU,sgd.SGD,1.0,10000,0.9351,0,1,1,0.947,0.053
299,ReLU,ReLU,sgd.SGD,1.0,10000,0.9351,1,1,0,0.9926,0.9926
300,ReLU,ReLU,Adam,0.01,100,0.5567,0,1,1,0.3339,0.6661
301,ReLU,ReLU,Adam,0.01,100,0.5567,1,1,0,0.3339,0.3339
302,ReLU,ReLU,Adam,0.01,1000,0.5552,0,1,1,0.3361,0.6639
303,ReLU,ReLU,Adam,0.01,1000,0.5552,1,1,0,0.3361,0.3361
304,ReLU,ReLU,Adam,0.01,2000,0.5537,0,1,1,0.3384,0.6616
305,ReLU,ReLU,Adam,0.01,2000,0.5537,1,1,0,0.3384,0.3384
306,ReLU,ReLU,Adam,0.01,5000,0.5522,0,1,1,0.3406,0.6594
307,ReLU,ReLU,Adam,0.01,5000,0.5522,1,1,0,0.3406,0.3406
308,ReLU,ReLU,Adam,0.01,10000,0.5508,0,1,1,0.3429,0.6571
309,ReLU,ReLU,Adam,0.01,10000,0.5508,1,1,0,0.3429,0.3429
310,ReLU,ReLU,Adam,0.05,100,0.4844,0,1,1,0.5094,0.4906
311,ReLU,ReLU,Adam,0.05,100,0.4844,1,1,0,0.5396,0.5396
312,ReLU,ReLU,Adam,0.05,1000,0.4730,0,1,1,0.5188,0.4812
313,ReLU,ReLU,Adam,0.05,1000,0.4730,1,1,0,0.5581,0.5581
314,ReLU,ReLU,Adam,0.05,2000,0.4619,0,1,1,0.5204,0.4796
315,ReLU,ReLU,Adam,0.05,2000,0.4619,1,1,0,0.5701,0.5701
316,ReLU,ReLU,Adam,0.05,5000,0.4522,0,1,1,0.5189,0.4811
317,ReLU,ReLU,Adam,0.05,5000,0.4522,1,1,0,0.5802,0.5802
318,ReLU,ReLU,Adam,0.05,10000,0.4412,0,1,1,0.5157,0.4843
319,ReLU,ReLU,Adam,0.05,10000,0.4412,1,1,0,0.5898,0.5898
320,ReLU,ReLU,Adam,0.1,100,0.5238,0,1,1,0.5994,0.4006
321,ReLU,ReLU,Adam,0.1,100,0.5238,1,1,0,0.6247,0.6247
322,ReLU,ReLU,Adam,0.1,1000,0.4896,0,1,1,0.5736,0.4264
323,ReLU,ReLU,Adam,0.1,1000,0.4896,1,1,0,0.6229,0.6229
324,ReLU,ReLU,Adam,0.1,2000,0.4555,0,1,1,0.5495,0.4505
325,ReLU,ReLU,Adam,0.1,2000,0.4555,1,1,0,0.6388,0.6388
326,ReLU,ReLU,Adam,0.1,5000,0.4156,0,1,1,0.525,0.475
327,ReLU,ReLU,Adam,0.1,5000,0.4156,1,1,0,0.6676,0.6676
328,ReLU,ReLU,Adam,0.1,10000,0.3807,0,1,1,0.5002,0.4998
329,ReLU,ReLU,Adam,0.1,10000,0.3807,1,1,0,0.6952,0.6952
330,ReLU,ReLU,Adam,0.9,100,0.5191,0,1,1,0.6361,0.3639
331,ReLU,ReLU,Adam,0.9,100,0.5191,1,1,0,0.6361,0.6361
332,ReLU,ReLU,Adam,0.9,1000,0.5370,0,1,1,0.5995,0.4005
333,ReLU,ReLU,Adam,0.9,1000,0.5370,1,1,0,0.5995,0.5995
334,ReLU,ReLU,Adam,0.9,2000,0.5198,0,1,1,0.5015,0.4985
335,ReLU,ReLU,Adam,0.9,2000,0.5198,1,1,0,0.5015,0.5015
336,ReLU,ReLU,Adam,0.9,5000,0.5000,0,1,1,0.4198,0.5802
337,ReLU,ReLU,Adam,0.9,5000,0.5000,1,1,0,0.4198,0.4198
338,ReLU,ReLU,Adam,0.9,10000,0.5129,0,1,1,0.4035,0.5965
339,ReLU,ReLU,Adam,0.9,10000,0.5129,1,1,0,0.4035,0.4035
340,ReLU,ReLU,Adam,1.0,100,0.5600,0,1,1,0.7426,0.2574
341,ReLU,ReLU,Adam,1.0,100,0.5600,1,1,0,0.7308,0.7308
342,ReLU,ReLU,Adam,1.0,1000,0.6065,0,1,1,0.6409,0.3591
343,ReLU,ReLU,Adam,1.0,1000,0.6065,1,1,0,0.6268,0.6268
344,ReLU,ReLU,Adam,1.0,2000,0.5321,0,1,1,0.482,0.518
345,ReLU,ReLU,Adam,1.0,2000,0.5321,1,1,0,0.4669,0.4669
346,ReLU,ReLU,Adam,1.0,5000,0.5022,0,1,1,0.3738,0.6262
347,ReLU,ReLU,Adam,1.0,5000,0.5022,1,1,0,0.3597,0.3597
348,ReLU,ReLU,Adam,1.0,10000,0.5394,0,1,1,0.3604,0.6396
349,ReLU,ReLU,Adam,1.0,10000,0.5394,1,1,0,0.3466,0.3466
350,ReLU,ReLU,Adam,0.01,100,0.5630,0,1,1,0.7241,0.2759
351,ReLU,ReLU,Adam,0.01,100,0.5630,1,1,0,0.6822,0.6822
352,ReLU,ReLU,Adam,0.01,1000,0.5626,0,1,1,0.7235,0.2765
353,ReLU,ReLU,Adam,0.01,1000,0.5626,1,1,0,0.6817,0.6817
354,ReLU,ReLU,Adam,0.01,2000,0.5622,0,1,1,0.723,0.277
355,ReLU,ReLU,Adam,0.01,2000,0.5622,1,1,0,0.6812,0.6812
356,ReLU,ReLU,Adam,0.01,5000,0.5618,0,1,1,0.7225,0.2775
357,ReLU,ReLU,Adam,0.01,5000,0.5618,1,1,0,0.6808,0.6808
358,ReLU,ReLU,Adam,0.01,10000,0.5615,0,1,1,0.722,0.278
359,ReLU,ReLU,Adam,0.01,10000,0.5615,1,1,0,0.6803,0.6803
360,ReLU,ReLU,Adam,0.05,100,0.5137,0,1,1,0.4859,0.5141
361,ReLU,ReLU,Adam,0.05,100,0.5137,1,1,0,0.4859,0.4859
362,ReLU,ReLU,Adam,0.05,1000,0.5130,0,1,1,0.4866,0.5134
363,ReLU,ReLU,Adam,0.05,1000,0.5130,1,1,0,0.4866,0.4866
364,ReLU,ReLU,Adam,0.05,2000,0.5122,0,1,1,0.4874,0.5126
365,ReLU,ReLU,Adam,0.05,2000,0.5122,1,1,0,0.4874,0.4874
366,ReLU,ReLU,Adam,0.05,5000,0.5115,0,1,1,0.488,0.512
367,ReLU,ReLU,Adam,0.05,5000,0.5115,1,1,0,0.488,0.488
368,ReLU,ReLU,Adam,0.05,10000,0.5108,0,1,1,0.4887,0.5113
369,ReLU,ReLU,Adam,0.05,10000,0.5108,1,1,0,0.4887,0.4887
370,ReLU,ReLU,Adam,0.1,100,0.5416,0,1,1,0.6092,0.3908
371,ReLU,ReLU,Adam,0.1,100,0.5416,1,1,0,0.6049,0.6049
372,ReLU,ReLU,Adam,0.1,1000,0.5374,0,1,1,0.6059,0.3941
373,ReLU,ReLU,Adam,0.1,1000,0.5374,1,1,0,0.6025,0.6025
374,ReLU,ReLU,Adam,0.1,2000,0.5333,0,1,1,0.6026,0.3974
375,ReLU,ReLU,Adam,0.1,2000,0.5333,1,1,0,0.6001,0.6001
376,ReLU,ReLU,Adam,0.1,5000,0.5294,0,1,1,0.5995,0.4005
377,ReLU,ReLU,Adam,0.1,5000,0.5294,1,1,0,0.5977,0.5977
378,ReLU,ReLU,Adam,0.1,10000,0.5256,0,1,1,0.5964,0.4036
379,ReLU,ReLU,Adam,0.1,10000,0.5256,1,1,0,0.5954,0.5954
380,ReLU,ReLU,Adam,0.9,100,0.4540,0,1,1,0.4922,0.5078
381,ReLU,ReLU,Adam,0.9,100,0.4540,1,1,0,0.5267,0.5267
382,ReLU,ReLU,Adam,0.9,1000,0.4348,0,1,1,0.4782,0.5218
383,ReLU,ReLU,Adam,0.9,1000,0.4348,1,1,0,0.5284,0.5284
384,ReLU,ReLU,Adam,0.9,2000,0.4103,0,1,1,0.4639,0.5361
385,ReLU,ReLU,Adam,0.9,2000,0.4103,1,1,0,0.5349,0.5349
386,ReLU,ReLU,Adam,0.9,5000,0.3798,0,1,1,0.4488,0.5512
387,ReLU,ReLU,Adam,0.9,5000,0.3798,1,1,0,0.5454,0.5454
388,ReLU,ReLU,Adam,0.9,10000,0.3434,0,1,1,0.4328,0.5672
389,ReLU,ReLU,Adam,0.9,10000,0.3434,1,1,0,0.5591,0.5591
390,ReLU,ReLU,Adam,1.0,100,0.5636,0,1,1,0.5128,0.4872
391,ReLU,ReLU,Adam,1.0,100,0.5636,1,1,0,0.5867,0.5867
392,ReLU,ReLU,Adam,1.0,1000,0.4749,0,1,1,0.5263,0.4737
393,ReLU,ReLU,Adam,1.0,1000,0.4749,1,1,0,0.6571,0.6571
394,ReLU,ReLU,Adam,1.0,2000,0.4088,0,1,1,0.5415,0.4585
395,ReLU,ReLU,Adam,1.0,2000,0.4088,1,1,0,0.7243,0.7243
396,ReLU,ReLU,Adam,1.0,5000,0.3450,0,1,1,0.5541,0.4459
397,ReLU,ReLU,Adam,1.0,5000,0.3450,1,1,0,0.784,0.784
398,ReLU,ReLU,Adam,1.0,10000,0.3099,0,1,1,0.491,0.509
399,ReLU,ReLU,Adam,1.0,10000,0.3099,1,1,0,0.7796,0.7796
400,ReLU,ReLU,sgd.SGD,0.01,100,0.5822,0,1,1,0.7231,0.2769
401,ReLU,ReLU,sgd.SGD,0.01,100,0.5822,1,1,0,0.7453,0.7453
402,ReLU,ReLU,sgd.SGD,0.01,1000,0.5814,0,1,1,0.7224,0.2776
403,ReLU,ReLU,sgd.SGD,0.01,1000,0.5814,1,1,0,0.7449,0.7449
404,ReLU,ReLU,sgd.SGD,0.01,2000,0.5805,0,1,1,0.7218,0.2782
405,ReLU,ReLU,sgd.SGD,0.01,2000,0.5805,1,1,0,0.7446,0.7446
406,ReLU,ReLU,sgd.SGD,0.01,5000,0.5796,0,1,1,0.7211,0.2789
407,ReLU,ReLU,sgd.SGD,0.01,5000,0.5796,1,1,0,0.7443,0.7443
408,ReLU,ReLU,sgd.SGD,0.01,10000,0.5788,0,1,1,0.7204,0.2796
409,ReLU,ReLU,sgd.SGD,0.01,10000,0.5788,1,1,0,0.744,0.744
410,ReLU,ReLU,sgd.SGD,0.05,100,0.4897,0,1,1,0.5562,0.4438
411,ReLU,ReLU,sgd.SGD,0.05,100,0.4897,1,1,0,0.5739,0.5739
412,ReLU,ReLU,sgd.SGD,0.05,1000,0.4889,0,1,1,0.556,0.444
413,ReLU,ReLU,sgd.SGD,0.05,1000,0.4889,1,1,0,0.5744,0.5744
414,ReLU,ReLU,sgd.SGD,0.05,2000,0.4881,0,1,1,0.5557,0.4443
415,ReLU,ReLU,sgd.SGD,0.05,2000,0.4881,1,1,0,0.575,0.575
416,ReLU,ReLU,sgd.SGD,0.05,5000,0.4872,0,1,1,0.5555,0.4445
417,ReLU,ReLU,sgd.SGD,0.05,5000,0.4872,1,1,0,0.5755,0.5755
418,ReLU,ReLU,sgd.SGD,0.05,10000,0.4864,0,1,1,0.5552,0.4448
419,ReLU,ReLU,sgd.SGD,0.05,10000,0.4864,1,1,0,0.576,0.576
420,ReLU,ReLU,sgd.SGD,0.1,100,0.4705,0,1,1,0.4802,0.5198
421,ReLU,ReLU,sgd.SGD,0.1,100,0.4705,1,1,0,0.5149,0.5149
422,ReLU,ReLU,sgd.SGD,0.1,1000,0.4662,0,1,1,0.4803,0.5197
423,ReLU,ReLU,sgd.SGD,0.1,1000,0.4662,1,1,0,0.5194,0.5194
424,ReLU,ReLU,sgd.SGD,0.1,2000,0.4619,0,1,1,0.4803,0.5197
425,ReLU,ReLU,sgd.SGD,0.1,2000,0.4619,1,1,0,0.5238,0.5238
426,ReLU,ReLU,sgd.SGD,0.1,5000,0.4576,0,1,1,0.4802,0.5198
427,ReLU,ReLU,sgd.SGD,0.1,5000,0.4576,1,1,0,0.5281,0.5281
428,ReLU,ReLU,sgd.SGD,0.1,10000,0.4533,0,1,1,0.4799,0.5201
429,ReLU,ReLU,sgd.SGD,0.1,10000,0.4533,1,1,0,0.5324,0.5324
430,ReLU,ReLU,sgd.SGD,0.9,100,0.5161,0,1,1,0.36,0.64
431,ReLU,ReLU,sgd.SGD,0.9,100,0.5161,1,1,0,0.386,0.386
432,ReLU,ReLU,sgd.SGD,0.9,1000,0.5001,0,1,1,0.369,0.631
433,ReLU,ReLU,sgd.SGD,0.9,1000,0.5001,1,1,0,0.4036,0.4036
434,ReLU,ReLU,sgd.SGD,0.9,2000,0.4895,0,1,1,0.3692,0.6308
435,ReLU,ReLU,sgd.SGD,0.9,2000,0.4895,1,1,0,0.4093,0.4093
436,ReLU,ReLU,sgd.SGD,0.9,5000,0.4773,0,1,1,0.362,0.638
437,ReLU,ReLU,sgd.SGD,0.9,5000,0.4773,1,1,0,0.4085,0.4085
438,ReLU,ReLU,sgd.SGD,0.9,10000,0.4680,0,1,1,0.3609,0.6391
439,ReLU,ReLU,sgd.SGD,0.9,10000,0.4680,1,1,0,0.4253,0.4253
440,ReLU,ReLU,sgd.SGD,1.0,100,0.5399,0,1,1,0.521,0.479
441,ReLU,ReLU,sgd.SGD,1.0,100,0.5399,1,1,0,0.521,0.521
442,ReLU,ReLU,sgd.SGD,1.0,1000,0.4991,0,1,1,0.5211,0.4789
443,ReLU,ReLU,sgd.SGD,1.0,1000,0.4991,1,1,0,0.5211,0.5211
444,ReLU,ReLU,sgd.SGD,1.0,2000,0.4667,0,1,1,0.5037,0.4963
445,ReLU,ReLU,sgd.SGD,1.0,2000,0.4667,1,1,0,0.52,0.52
446,ReLU,ReLU,sgd.SGD,1.0,5000,0.4599,0,1,1,0.5127,0.4873
447,ReLU,ReLU,sgd.SGD,1.0,5000,0.4599,1,1,0,0.5269,0.5269
448,ReLU,ReLU,sgd.SGD,1.0,10000,0.4338,0,1,1,0.4796,0.5204
449,ReLU,ReLU,sgd.SGD,1.0,10000,0.4338,1,1,0,0.529,0.529
450,Sigmoid,Sigmoid,Adam,0.01,100,0.9378,0,1,1,0.1678,0.8322
451,Sigmoid,Sigmoid,Adam,0.01,100,0.9378,1,1,0,0.1548,0.1548
452,Sigmoid,Sigmoid,Adam,0.01,1000,0.8927,0,1,1,0.1928,0.8072
453,Sigmoid,Sigmoid,Adam,0.01,1000,0.8927,1,1,0,0.1819,0.1819
454,Sigmoid,Sigmoid,Adam,0.01,2000,0.8498,0,1,1,0.2178,0.7822
455,Sigmoid,Sigmoid,Adam,0.01,2000,0.8498,1,1,0,0.2091,0.2091
456,Sigmoid,Sigmoid,Adam,0.01,5000,0.8089,0,1,1,0.2428,0.7572
457,Sigmoid,Sigmoid,Adam,0.01,5000,0.8089,1,1,0,0.2363,0.2363
458,Sigmoid,Sigmoid,Adam,0.01,10000,0.7702,0,1,1,0.2677,0.7323
459,Sigmoid,Sigmoid,Adam,0.01,10000,0.7702,1,1,0,0.2636,0.2636
460,Sigmoid,Sigmoid,Adam,0.05,100,0.4356,0,1,1,0.3144,0.6856
461,Sigmoid,Sigmoid,Adam,0.05,100,0.4356,1,1,0,0.4534,0.4534
462,Sigmoid,Sigmoid,Adam,0.05,1000,0.3661,0,1,1,0.4071,0.5929
463,Sigmoid,Sigmoid,Adam,0.05,1000,0.3661,1,1,0,0.5696,0.5696
464,Sigmoid,Sigmoid,Adam,0.05,2000,0.3582,0,1,1,0.4465,0.5535
465,Sigmoid,Sigmoid,Adam,0.05,2000,0.3582,1,1,0,0.6302,0.6302
466,Sigmoid,Sigmoid,Adam,0.05,5000,0.3644,0,1,1,0.4389,0.5611
467,Sigmoid,Sigmoid,Adam,0.05,5000,0.3644,1,1,0,0.6395,0.6395
468,Sigmoid,Sigmoid,Adam,0.05,10000,0.3519,0,1,1,0.4047,0.5953
469,Sigmoid,Sigmoid,Adam,0.05,10000,0.3519,1,1,0,0.6187,0.6187
470,Sigmoid,Sigmoid,Adam,0.1,100,0.7657,0,1,1,0.182,0.818
471,Sigmoid,Sigmoid,Adam,0.1,100,0.7657,1,1,0,0.2743,0.2743
472,Sigmoid,Sigmoid,Adam,0.1,1000,0.5108,0,1,1,0.3735,0.6265
473,Sigmoid,Sigmoid,Adam,0.1,1000,0.5108,1,1,0,0.4658,0.4658
474,Sigmoid,Sigmoid,Adam,0.1,2000,0.4235,0,1,1,0.5193,0.4807
475,Sigmoid,Sigmoid,Adam,0.1,2000,0.4235,1,1,0,0.6097,0.6097
476,Sigmoid,Sigmoid,Adam,0.1,5000,0.4351,0,1,1,0.607,0.393
477,Sigmoid,Sigmoid,Adam,0.1,5000,0.4351,1,1,0,0.6995,0.6995
478,Sigmoid,Sigmoid,Adam,0.1,10000,0.4721,0,1,1,0.6392,0.3608
479,Sigmoid,Sigmoid,Adam,0.1,10000,0.4721,1,1,0,0.7396,0.7396
480,Sigmoid,Sigmoid,Adam,0.9,100,1.,0,1,1,0.0,1.0
481,Sigmoid,Sigmoid,Adam,0.9,100,1.,1,1,0,0.0,0.0
482,Sigmoid,Sigmoid,Adam,0.9,1000,1.,0,1,1,0.0,1.0
483,Sigmoid,Sigmoid,Adam,0.9,1000,1.,1,1,0,0.0,0.0
484,Sigmoid,Sigmoid,Adam,0.9,2000,1.,0,1,1,0.0,1.0
485,Sigmoid,Sigmoid,Adam,0.9,2000,1.,1,1,0,0.0,0.0
486,Sigmoid,Sigmoid,Adam,0.9,5000,1.,0,1,1,0.0,1.0
487,Sigmoid,Sigmoid,Adam,0.9,5000,1.,1,1,0,0.0,0.0
488,Sigmoid,Sigmoid,Adam,0.9,10000,1.,0,1,1,0.0,1.0
489,Sigmoid,Sigmoid,Adam,0.9,10000,1.,1,1,0,0.0,0.0
490,Sigmoid,Sigmoid,Adam,1.0,100,1.,0,1,1,0.0,1.0
491,Sigmoid,Sigmoid,Adam,1.0,100,1.,1,1,0,0.0,0.0
492,Sigmoid,Sigmoid,Adam,1.0,1000,1.,0,1,1,0.0,1.0
493,Sigmoid,Sigmoid,Adam,1.0,1000,1.,1,1,0,0.0,0.0
494,Sigmoid,Sigmoid,Adam,1.0,2000,1.,0,1,1,0.0,1.0
495,Sigmoid,Sigmoid,Adam,1.0,2000,1.,1,1,0,0.0,0.0
496,Sigmoid,Sigmoid,Adam,1.0,5000,1.,0,1,1,0.0,1.0
497,Sigmoid,Sigmoid,Adam,1.0,5000,1.,1,1,0,0.0,0.0
498,Sigmoid,Sigmoid,Adam,1.0,10000,1.,0,1,1,0.0,1.0
499,Sigmoid,Sigmoid,Adam,1.0,10000,1.,1,1,0,0.0,0.0
500,Sigmoid,Sigmoid,Adam,0.01,100,0.5579,0,1,1,0.3128,0.6872
501,Sigmoid,Sigmoid,Adam,0.01,100,0.5579,1,1,0,0.3113,0.3113
502,Sigmoid,Sigmoid,Adam,0.01,1000,0.5503,0,1,1,0.3236,0.6764
503,Sigmoid,Sigmoid,Adam,0.01,1000,0.5503,1,1,0,0.3223,0.3223
504,Sigmoid,Sigmoid,Adam,0.01,2000,0.5436,0,1,1,0.3336,0.6664
505,Sigmoid,Sigmoid,Adam,0.01,2000,0.5436,1,1,0,0.3324,0.3324
506,Sigmoid,Sigmoid,Adam,0.01,5000,0.5378,0,1,1,0.343,0.657
507,Sigmoid,Sigmoid,Adam,0.01,5000,0.5378,1,1,0,0.3419,0.3419
508,Sigmoid,Sigmoid,Adam,0.01,10000,0.5327,0,1,1,0.3517,0.6483
509,Sigmoid,Sigmoid,Adam,0.01,10000,0.5327,1,1,0,0.3508,0.3508
510,Sigmoid,Sigmoid,Adam,0.05,100,0.8115,0,1,1,0.2351,0.7649
511,Sigmoid,Sigmoid,Adam,0.05,100,0.8115,1,1,0,0.196,0.196
512,Sigmoid,Sigmoid,Adam,0.05,1000,0.6827,0,1,1,0.3072,0.6928
513,Sigmoid,Sigmoid,Adam,0.05,1000,0.6827,1,1,0,0.265,0.265
514,Sigmoid,Sigmoid,Adam,0.05,2000,0.6174,0,1,1,0.3582,0.6418
515,Sigmoid,Sigmoid,Adam,0.05,2000,0.6174,1,1,0,0.3141,0.3141
516,Sigmoid,Sigmoid,Adam,0.05,5000,0.5841,0,1,1,0.3944,0.6056
517,Sigmoid,Sigmoid,Adam,0.05,5000,0.5841,1,1,0,0.3492,0.3492
518,Sigmoid,Sigmoid,Adam,0.05,10000,0.5669,0,1,1,0.42,0.58
519,Sigmoid,Sigmoid,Adam,0.05,10000,0.5669,1,1,0,0.3744,0.3744
520,Sigmoid,Sigmoid,Adam,0.1,100,0.5511,0,1,1,0.5495,0.4505
521,Sigmoid,Sigmoid,Adam,0.1,100,0.5511,1,1,0,0.5044,0.5044
522,Sigmoid,Sigmoid,Adam,0.1,1000,0.5455,0,1,1,0.5407,0.4593
523,Sigmoid,Sigmoid,Adam,0.1,1000,0.5455,1,1,0,0.4995,0.4995
524,Sigmoid,Sigmoid,Adam,0.1,2000,0.5415,0,1,1,0.5368,0.4632
525,Sigmoid,Sigmoid,Adam,0.1,2000,0.5415,1,1,0,0.4992,0.4992
526,Sigmoid,Sigmoid,Adam,0.1,5000,0.5378,0,1,1,0.5348,0.4652
527,Sigmoid,Sigmoid,Adam,0.1,5000,0.5378,1,1,0,0.5007,0.5007
528,Sigmoid,Sigmoid,Adam,0.1,10000,0.5343,0,1,1,0.5336,0.4664
529,Sigmoid,Sigmoid,Adam,0.1,10000,0.5343,1,1,0,0.5029,0.5029
530,Sigmoid,Sigmoid,Adam,0.9,100,1.,0,1,1,0.0,1.0
531,Sigmoid,Sigmoid,Adam,0.9,100,1.,1,1,0,0.0,0.0
532,Sigmoid,Sigmoid,Adam,0.9,1000,1.,0,1,1,0.0,1.0
533,Sigmoid,Sigmoid,Adam,0.9,1000,1.,1,1,0,0.0,0.0
534,Sigmoid,Sigmoid,Adam,0.9,2000,1.,0,1,1,0.0,1.0
535,Sigmoid,Sigmoid,Adam,0.9,2000,1.,1,1,0,0.0,0.0
536,Sigmoid,Sigmoid,Adam,0.9,5000,1.,0,1,1,0.0,1.0
537,Sigmoid,Sigmoid,Adam,0.9,5000,1.,1,1,0,0.0,0.0
538,Sigmoid,Sigmoid,Adam,0.9,10000,1.,0,1,1,0.0,1.0
539,Sigmoid,Sigmoid,Adam,0.9,10000,1.,1,1,0,0.0,0.0
540,Sigmoid,Sigmoid,Adam,1.0,100,0.4548,0,1,1,0.232,0.768
541,Sigmoid,Sigmoid,Adam,1.0,100,0.4548,1,1,0,0.3065,0.3065
542,Sigmoid,Sigmoid,Adam,1.0,1000,0.4732,0,1,1,1.1858,0.1858
543,Sigmoid,Sigmoid,Adam,1.0,1000,0.4732,1,1,0,1.3589,1.3589
544,Sigmoid,Sigmoid,Adam,1.0,2000,1.9103,0,1,1,0.0,1.0
545,Sigmoid,Sigmoid,Adam,1.0,2000,1.9103,1,1,0,0.0,0.0
546,Sigmoid,Sigmoid,Adam,1.0,5000,1.,0,1,1,0.0,1.0
547,Sigmoid,Sigmoid,Adam,1.0,5000,1.,1,1,0,0.0,0.0
548,Sigmoid,Sigmoid,Adam,1.0,10000,1.,0,1,1,0.0,1.0
549,Sigmoid,Sigmoid,Adam,1.0,10000,1.,1,1,0,0.0,0.0
550,Sigmoid,Sigmoid,sgd.SGD,0.01,100,0.7211,0,1,1,0.2179,0.7821
551,Sigmoid,Sigmoid,sgd.SGD,0.01,100,0.7211,1,1,0,0.2189,0.2189
552,Sigmoid,Sigmoid,sgd.SGD,0.01,1000,0.6973,0,1,1,0.2369,0.7631
553,Sigmoid,Sigmoid,sgd.SGD,0.01,1000,0.6973,1,1,0,0.2378,0.2378
554,Sigmoid,Sigmoid,sgd.SGD,0.01,2000,0.6761,0,1,1,0.2548,0.7452
555,Sigmoid,Sigmoid,sgd.SGD,0.01,2000,0.6761,1,1,0,0.2557,0.2557
556,Sigmoid,Sigmoid,sgd.SGD,0.01,5000,0.6572,0,1,1,0.2717,0.7283
557,Sigmoid,Sigmoid,sgd.SGD,0.01,5000,0.6572,1,1,0,0.2726,0.2726
558,Sigmoid,Sigmoid,sgd.SGD,0.01,10000,0.6402,0,1,1,0.2877,0.7123
559,Sigmoid,Sigmoid,sgd.SGD,0.01,10000,0.6402,1,1,0,0.2885,0.2885
560,Sigmoid,Sigmoid,sgd.SGD,0.05,100,1.,0,1,1,0.0,1.0
561,Sigmoid,Sigmoid,sgd.SGD,0.05,100,1.,1,1,0,0.0,0.0
562,Sigmoid,Sigmoid,sgd.SGD,0.05,1000,1.,0,1,1,0.0,1.0
563,Sigmoid,Sigmoid,sgd.SGD,0.05,1000,1.,1,1,0,0.0,0.0
564,Sigmoid,Sigmoid,sgd.SGD,0.05,2000,1.,0,1,1,0.0,1.0
565,Sigmoid,Sigmoid,sgd.SGD,0.05,2000,1.,1,1,0,0.0,0.0
566,Sigmoid,Sigmoid,sgd.SGD,0.05,5000,1.,0,1,1,0.0,1.0
567,Sigmoid,Sigmoid,sgd.SGD,0.05,5000,1.,1,1,0,0.0,0.0
568,Sigmoid,Sigmoid,sgd.SGD,0.05,10000,1.,0,1,1,0.0,1.0
569,Sigmoid,Sigmoid,sgd.SGD,0.05,10000,1.,1,1,0,0.0,0.0
570,Sigmoid,Sigmoid,sgd.SGD,0.1,100,1.,0,1,1,0.0,1.0
571,Sigmoid,Sigmoid,sgd.SGD,0.1,100,1.,1,1,0,0.0,0.0
572,Sigmoid,Sigmoid,sgd.SGD,0.1,1000,1.,0,1,1,0.0,1.0
573,Sigmoid,Sigmoid,sgd.SGD,0.1,1000,1.,1,1,0,0.0,0.0
574,Sigmoid,Sigmoid,sgd.SGD,0.1,2000,1.,0,1,1,0.0,1.0
575,Sigmoid,Sigmoid,sgd.SGD,0.1,2000,1.,1,1,0,0.0,0.0
576,Sigmoid,Sigmoid,sgd.SGD,0.1,5000,1.,0,1,1,0.0,1.0
577,Sigmoid,Sigmoid,sgd.SGD,0.1,5000,1.,1,1,0,0.0,0.0
578,Sigmoid,Sigmoid,sgd.SGD,0.1,10000,1.,0,1,1,0.0,1.0
579,Sigmoid,Sigmoid,sgd.SGD,0.1,10000,1.,1,1,0,0.0,0.0
580,Sigmoid,Sigmoid,sgd.SGD,0.9,100,1.,0,1,1,0.0,1.0
581,Sigmoid,Sigmoid,sgd.SGD,0.9,100,1.,1,1,0,0.0,0.0
582,Sigmoid,Sigmoid,sgd.SGD,0.9,1000,1.,0,1,1,0.0,1.0
583,Sigmoid,Sigmoid,sgd.SGD,0.9,1000,1.,1,1,0,0.0,0.0
584,Sigmoid,Sigmoid,sgd.SGD,0.9,2000,1.,0,1,1,0.0,1.0
585,Sigmoid,Sigmoid,sgd.SGD,0.9,2000,1.,1,1,0,0.0,0.0
586,Sigmoid,Sigmoid,sgd.SGD,0.9,5000,1.,0,1,1,0.0,1.0
587,Sigmoid,Sigmoid,sgd.SGD,0.9,5000,1.,1,1,0,0.0,0.0
588,Sigmoid,Sigmoid,sgd.SGD,0.9,10000,1.,0,1,1,0.0,1.0
589,Sigmoid,Sigmoid,sgd.SGD,0.9,10000,1.,1,1,0,0.0,0.0
590,Sigmoid,Sigmoid,sgd.SGD,1.0,100,1.7848,0,1,1,0.0,1.0
591,Sigmoid,Sigmoid,sgd.SGD,1.0,100,1.7848,1,1,0,0.0,0.0
592,Sigmoid,Sigmoid,sgd.SGD,1.0,1000,1.,0,1,1,0.0,1.0
593,Sigmoid,Sigmoid,sgd.SGD,1.0,1000,1.,1,1,0,0.0,0.0
594,Sigmoid,Sigmoid,sgd.SGD,1.0,2000,1.,0,1,1,0.0,1.0
595,Sigmoid,Sigmoid,sgd.SGD,1.0,2000,1.,1,1,0,0.0,0.0
596,Sigmoid,Sigmoid,sgd.SGD,1.0,5000,1.,0,1,1,0.0,1.0
597,Sigmoid,Sigmoid,sgd.SGD,1.0,5000,1.,1,1,0,0.0,0.0
598,Sigmoid,Sigmoid,sgd.SGD,1.0,10000,1.,0,1,1,0.0,1.0
599,Sigmoid,Sigmoid,sgd.SGD,1.0,10000,1.,1,1,0,0.0,0.0
600,Sigmoid,Sigmoid,Adam,0.01,100,0.4914,0,1,1,0.5043,0.4957
601,Sigmoid,Sigmoid,Adam,0.01,100,0.4914,1,1,0,0.5149,0.5149
602,Sigmoid,Sigmoid,Adam,0.01,1000,0.4895,0,1,1,0.5097,0.4903
603,Sigmoid,Sigmoid,Adam,0.01,1000,0.4895,1,1,0,0.522,0.522
604,Sigmoid,Sigmoid,Adam,0.01,2000,0.4878,0,1,1,0.5122,0.4878
605,Sigmoid,Sigmoid,Adam,0.01,2000,0.4878,1,1,0,0.5262,0.5262
606,Sigmoid,Sigmoid,Adam,0.01,5000,0.4861,0,1,1,0.5134,0.4866
607,Sigmoid,Sigmoid,Adam,0.01,5000,0.4861,1,1,0,0.5291,0.5291
608,Sigmoid,Sigmoid,Adam,0.01,10000,0.4844,0,1,1,0.5137,0.4863
609,Sigmoid,Sigmoid,Adam,0.01,10000,0.4844,1,1,0,0.5311,0.5311
610,Sigmoid,Sigmoid,Adam,0.05,100,0.9520,0,1,1,0.1444,0.8556
611,Sigmoid,Sigmoid,Adam,0.05,100,0.9520,1,1,0,0.0943,0.0943
612,Sigmoid,Sigmoid,Adam,0.05,1000,0.7729,0,1,1,0.2438,0.7562
613,Sigmoid,Sigmoid,Adam,0.05,1000,0.7729,1,1,0,0.2029,0.2029
614,Sigmoid,Sigmoid,Adam,0.05,2000,0.6459,0,1,1,0.3347,0.6653
615,Sigmoid,Sigmoid,Adam,0.05,2000,0.6459,1,1,0,0.3035,0.3035
616,Sigmoid,Sigmoid,Adam,0.05,5000,0.5673,0,1,1,0.414,0.586
617,Sigmoid,Sigmoid,Adam,0.05,5000,0.5673,1,1,0,0.3924,0.3924
618,Sigmoid,Sigmoid,Adam,0.05,10000,0.5277,0,1,1,0.48,0.52
619,Sigmoid,Sigmoid,Adam,0.05,10000,0.5277,1,1,0,0.4671,0.4671
620,Sigmoid,Sigmoid,Adam,0.1,100,0.8063,0,1,1,0.3293,0.6707
621,Sigmoid,Sigmoid,Adam,0.1,100,0.8063,1,1,0,0.3045,0.3045
622,Sigmoid,Sigmoid,Adam,0.1,1000,0.5603,0,1,1,0.4921,0.5079
623,Sigmoid,Sigmoid,Adam,0.1,1000,0.5603,1,1,0,0.4925,0.4925
624,Sigmoid,Sigmoid,Adam,0.1,2000,0.5028,0,1,1,0.5933,0.4067
625,Sigmoid,Sigmoid,Adam,0.1,2000,0.5028,1,1,0,0.6113,0.6113
626,Sigmoid,Sigmoid,Adam,0.1,5000,0.5227,0,1,1,0.6456,0.3544
627,Sigmoid,Sigmoid,Adam,0.1,5000,0.5227,1,1,0,0.6759,0.6759
628,Sigmoid,Sigmoid,Adam,0.1,10000,0.5476,0,1,1,0.6654,0.3346
629,Sigmoid,Sigmoid,Adam,0.1,10000,0.5476,1,1,0,0.7057,0.7057
630,Sigmoid,Sigmoid,Adam,0.9,100,0.5529,0,1,1,-0.5002,1.5002
631,Sigmoid,Sigmoid,Adam,0.9,100,0.5529,1,1,0,-0.5473,0.5473
632,Sigmoid,Sigmoid,Adam,0.9,1000,2.9505,0,1,1,0.2464,0.7536
633,Sigmoid,Sigmoid,Adam,0.9,1000,2.9505,1,1,0,0.2528,0.2528
634,Sigmoid,Sigmoid,Adam,0.9,2000,0.6284,0,1,1,0.741,0.259
635,Sigmoid,Sigmoid,Adam,0.9,2000,0.6284,1,1,0,0.734,0.734
636,Sigmoid,Sigmoid,Adam,0.9,5000,0.6281,0,1,1,0.888,0.112
637,Sigmoid,Sigmoid,Adam,0.9,5000,0.6281,1,1,0,0.882,0.882
638,Sigmoid,Sigmoid,Adam,0.9,10000,0.8103,0,1,1,0.9399,0.0601
639,Sigmoid,Sigmoid,Adam,0.9,10000,0.8103,1,1,0,0.9362,0.9362
640,Sigmoid,Sigmoid,Adam,1.0,100,2.6643,0,1,1,0.9471,0.0529
641,Sigmoid,Sigmoid,Adam,1.0,100,2.6643,1,1,0,0.9465,0.9465
642,Sigmoid,Sigmoid,Adam,1.0,1000,0.8803,0,1,1,0.996,0.004
643,Sigmoid,Sigmoid,Adam,1.0,1000,0.8803,1,1,0,0.9958,0.9958
644,Sigmoid,Sigmoid,Adam,1.0,2000,0.9891,0,1,1,0.9993,0.0007
645,Sigmoid,Sigmoid,Adam,1.0,2000,0.9891,1,1,0,0.9993,0.9993
646,Sigmoid,Sigmoid,Adam,1.0,5000,0.9982,0,1,1,0.9998,0.0002
647,Sigmoid,Sigmoid,Adam,1.0,5000,0.9982,1,1,0,0.9998,0.9998
648,Sigmoid,Sigmoid,Adam,1.0,10000,0.9996,0,1,1,1.0,0.0
649,Sigmoid,Sigmoid,Adam,1.0,10000,0.9996,1,1,0,1.0,1.0
650,Sigmoid,Sigmoid,Adam,0.01,100,0.5793,0,1,1,0.6626,0.3374
651,Sigmoid,Sigmoid,Adam,0.01,100,0.5793,1,1,0,0.6455,0.6455
652,Sigmoid,Sigmoid,Adam,0.01,1000,0.5773,0,1,1,0.6598,0.3402
653,Sigmoid,Sigmoid,Adam,0.01,1000,0.5773,1,1,0,0.6426,0.6426
654,Sigmoid,Sigmoid,Adam,0.01,2000,0.5753,0,1,1,0.6569,0.3431
655,Sigmoid,Sigmoid,Adam,0.01,2000,0.5753,1,1,0,0.6398,0.6398
656,Sigmoid,Sigmoid,Adam,0.01,5000,0.5734,0,1,1,0.6541,0.3459
657,Sigmoid,Sigmoid,Adam,0.01,5000,0.5734,1,1,0,0.637,0.637
658,Sigmoid,Sigmoid,Adam,0.01,10000,0.5715,0,1,1,0.6512,0.3488
659,Sigmoid,Sigmoid,Adam,0.01,10000,0.5715,1,1,0,0.6342,0.6342
660,Sigmoid,Sigmoid,Adam,0.05,100,1.3301,0,1,1,0.0372,0.9628
661,Sigmoid,Sigmoid,Adam,0.05,100,1.3301,1,1,0,0.1016,0.1016
662,Sigmoid,Sigmoid,Adam,0.05,1000,0.8883,0,1,1,0.1783,0.8217
663,Sigmoid,Sigmoid,Adam,0.05,1000,0.8883,1,1,0,0.247,0.247
664,Sigmoid,Sigmoid,Adam,0.05,2000,0.6555,0,1,1,0.272,0.728
665,Sigmoid,Sigmoid,Adam,0.05,2000,0.6555,1,1,0,0.3421,0.3421
666,Sigmoid,Sigmoid,Adam,0.05,5000,0.5437,0,1,1,0.3344,0.6656
667,Sigmoid,Sigmoid,Adam,0.05,5000,0.5437,1,1,0,0.4049,0.4049
668,Sigmoid,Sigmoid,Adam,0.05,10000,0.4884,0,1,1,0.3774,0.6226
669,Sigmoid,Sigmoid,Adam,0.05,10000,0.4884,1,1,0,0.448,0.448
670,Sigmoid,Sigmoid,Adam,0.1,100,1.0200,0,1,1,0.2796,0.7204
671,Sigmoid,Sigmoid,Adam,0.1,100,1.0200,1,1,0,0.302,0.302
672,Sigmoid,Sigmoid,Adam,0.1,1000,0.5637,0,1,1,0.377,0.623
673,Sigmoid,Sigmoid,Adam,0.1,1000,0.5637,1,1,0,0.4005,0.4005
674,Sigmoid,Sigmoid,Adam,0.1,2000,0.5005,0,1,1,0.4181,0.5819
675,Sigmoid,Sigmoid,Adam,0.1,2000,0.5005,1,1,0,0.4432,0.4432
676,Sigmoid,Sigmoid,Adam,0.1,5000,0.4840,0,1,1,0.4385,0.5615
677,Sigmoid,Sigmoid,Adam,0.1,5000,0.4840,1,1,0,0.4655,0.4655
678,Sigmoid,Sigmoid,Adam,0.1,10000,0.4772,0,1,1,0.4491,0.5509
679,Sigmoid,Sigmoid,Adam,0.1,10000,0.4772,1,1,0,0.4783,0.4783
680,Sigmoid,Sigmoid,Adam,0.9,100,0.4957,0,1,1,0.6162,0.3838
681,Sigmoid,Sigmoid,Adam,0.9,100,0.4957,1,1,0,0.6459,0.6459
682,Sigmoid,Sigmoid,Adam,0.9,1000,0.5451,0,1,1,0.1965,0.8035
683,Sigmoid,Sigmoid,Adam,0.9,1000,0.5451,1,1,0,0.221,0.221
684,Sigmoid,Sigmoid,Adam,0.9,2000,0.5926,0,1,1,0.8776,0.1224
685,Sigmoid,Sigmoid,Adam,0.9,2000,0.5926,1,1,0,0.904,0.904
686,Sigmoid,Sigmoid,Adam,0.9,5000,0.8443,0,1,1,0.7688,0.2312
687,Sigmoid,Sigmoid,Adam,0.9,5000,0.8443,1,1,0,0.8083,0.8083
688,Sigmoid,Sigmoid,Adam,0.9,10000,0.7047,0,1,1,0.4399,0.5601
689,Sigmoid,Sigmoid,Adam,0.9,10000,0.7047,1,1,0,0.4945,0.4945
690,Sigmoid,Sigmoid,Adam,1.0,100,0.4890,0,1,1,0.4602,0.5398
691,Sigmoid,Sigmoid,Adam,1.0,100,0.4890,1,1,0,0.4937,0.4937
692,Sigmoid,Sigmoid,Adam,1.0,1000,0.4693,0,1,1,0.4706,0.5294
693,Sigmoid,Sigmoid,Adam,1.0,1000,0.4693,1,1,0,0.5254,0.5254
694,Sigmoid,Sigmoid,Adam,1.0,2000,0.4490,0,1,1,0.3465,0.6535
695,Sigmoid,Sigmoid,Adam,1.0,2000,0.4490,1,1,0,0.427,0.427
696,Sigmoid,Sigmoid,Adam,1.0,5000,0.4373,0,1,1,0.6941,0.3059
697,Sigmoid,Sigmoid,Adam,1.0,5000,0.4373,1,1,0,0.7712,0.7712
698,Sigmoid,Sigmoid,Adam,1.0,10000,0.5444,0,1,1,-0.1483,1.1483
699,Sigmoid,Sigmoid,Adam,1.0,10000,0.5444,1,1,0,-0.0173,0.0173
700,Sigmoid,Sigmoid,sgd.SGD,0.01,100,3.1071,0,1,1,-0.6533,1.6533
701,Sigmoid,Sigmoid,sgd.SGD,0.01,100,3.1071,1,1,0,-0.639,0.639
702,Sigmoid,Sigmoid,sgd.SGD,0.01,1000,3.0086,0,1,1,-0.6307,1.6307
703,Sigmoid,Sigmoid,sgd.SGD,0.01,1000,3.0086,1,1,0,-0.6164,0.6164
704,Sigmoid,Sigmoid,sgd.SGD,0.01,2000,2.9050,0,1,1,-0.6063,1.6063
705,Sigmoid,Sigmoid,sgd.SGD,0.01,2000,2.9050,1,1,0,-0.5922,0.5922
706,Sigmoid,Sigmoid,sgd.SGD,0.01,5000,2.7967,0,1,1,-0.5803,1.5803
707,Sigmoid,Sigmoid,sgd.SGD,0.01,5000,2.7967,1,1,0,-0.5663,0.5663
708,Sigmoid,Sigmoid,sgd.SGD,0.01,10000,2.6841,0,1,1,-0.5526,1.5526
709,Sigmoid,Sigmoid,sgd.SGD,0.01,10000,2.6841,1,1,0,-0.5389,0.5389
710,Sigmoid,Sigmoid,sgd.SGD,0.05,100,0.6348,0,1,1,0.7573,0.2427
711,Sigmoid,Sigmoid,sgd.SGD,0.05,100,0.6348,1,1,0,0.757,0.757
712,Sigmoid,Sigmoid,sgd.SGD,0.05,1000,0.6172,0,1,1,0.739,0.261
713,Sigmoid,Sigmoid,sgd.SGD,0.05,1000,0.6172,1,1,0,0.7391,0.7391
714,Sigmoid,Sigmoid,sgd.SGD,0.05,2000,0.6000,0,1,1,0.7199,0.2801
715,Sigmoid,Sigmoid,sgd.SGD,0.05,2000,0.6000,1,1,0,0.7204,0.7204
716,Sigmoid,Sigmoid,sgd.SGD,0.05,5000,0.5835,0,1,1,0.7002,0.2998
717,Sigmoid,Sigmoid,sgd.SGD,0.05,5000,0.5835,1,1,0,0.7012,0.7012
718,Sigmoid,Sigmoid,sgd.SGD,0.05,10000,0.5680,0,1,1,0.6803,0.3197
719,Sigmoid,Sigmoid,sgd.SGD,0.05,10000,0.5680,1,1,0,0.6818,0.6818
720,Sigmoid,Sigmoid,sgd.SGD,0.1,100,0.8368,0,1,1,0.3786,0.6214
721,Sigmoid,Sigmoid,sgd.SGD,0.1,100,0.8368,1,1,0,0.3234,0.3234
722,Sigmoid,Sigmoid,sgd.SGD,0.1,1000,0.5835,0,1,1,0.4477,0.5523
723,Sigmoid,Sigmoid,sgd.SGD,0.1,1000,0.5835,1,1,0,0.4004,0.4004
724,Sigmoid,Sigmoid,sgd.SGD,0.1,2000,0.5557,0,1,1,0.4779,0.5221
725,Sigmoid,Sigmoid,sgd.SGD,0.1,2000,0.5557,1,1,0,0.4347,0.4347
726,Sigmoid,Sigmoid,sgd.SGD,0.1,5000,0.5482,0,1,1,0.4933,0.5067
727,Sigmoid,Sigmoid,sgd.SGD,0.1,5000,0.5482,1,1,0,0.4527,0.4527
728,Sigmoid,Sigmoid,sgd.SGD,0.1,10000,0.5451,0,1,1,0.5015,0.4985
729,Sigmoid,Sigmoid,sgd.SGD,0.1,10000,0.5451,1,1,0,0.463,0.463
730,Sigmoid,Sigmoid,sgd.SGD,0.9,100,1.0182,0,1,1,0.9876,0.0124
731,Sigmoid,Sigmoid,sgd.SGD,0.9,100,1.0182,1,1,0,0.9876,0.9876
732,Sigmoid,Sigmoid,sgd.SGD,0.9,1000,0.9684,0,1,1,0.9854,0.0146
733,Sigmoid,Sigmoid,sgd.SGD,0.9,1000,0.9684,1,1,0,0.9855,0.9855
734,Sigmoid,Sigmoid,sgd.SGD,0.9,2000,0.9634,0,1,1,0.9825,0.0175
735,Sigmoid,Sigmoid,sgd.SGD,0.9,2000,0.9634,1,1,0,0.9826,0.9826
736,Sigmoid,Sigmoid,sgd.SGD,0.9,5000,0.9568,0,1,1,0.9784,0.0216
737,Sigmoid,Sigmoid,sgd.SGD,0.9,5000,0.9568,1,1,0,0.9786,0.9786
738,Sigmoid,Sigmoid,sgd.SGD,0.9,10000,0.9475,0,1,1,0.9721,0.0279
739,Sigmoid,Sigmoid,sgd.SGD,0.9,10000,0.9475,1,1,0,0.9724,0.9724
740,Sigmoid,Sigmoid,sgd.SGD,1.0,100,1.3539,0,1,1,0.9975,0.0025
741,Sigmoid,Sigmoid,sgd.SGD,1.0,100,1.3539,1,1,0,0.9972,0.9972
742,Sigmoid,Sigmoid,sgd.SGD,1.0,1000,0.9961,0,1,1,0.9975,0.0025
743,Sigmoid,Sigmoid,sgd.SGD,1.0,1000,0.9961,1,1,0,0.9972,0.9972
744,Sigmoid,Sigmoid,sgd.SGD,1.0,2000,0.9960,0,1,1,0.9974,0.0026
745,Sigmoid,Sigmoid,sgd.SGD,1.0,2000,0.9960,1,1,0,0.9971,0.9971
746,Sigmoid,Sigmoid,sgd.SGD,1.0,5000,0.9959,0,1,1,0.9974,0.0026
747,Sigmoid,Sigmoid,sgd.SGD,1.0,5000,0.9959,1,1,0,0.997,0.997
748,Sigmoid,Sigmoid,sgd.SGD,1.0,10000,0.9958,0,1,1,0.9973,0.0027
749,Sigmoid,Sigmoid,sgd.SGD,1.0,10000,0.9958,1,1,0,0.997,0.997
750,Sigmoid,Sigmoid,Adam,0.01,100,0.4966,0,1,1,0.4259,0.5741
751,Sigmoid,Sigmoid,Adam,0.01,100,0.4966,1,1,0,0.4476,0.4476
752,Sigmoid,Sigmoid,Adam,0.01,1000,0.4937,0,1,1,0.4314,0.5686
753,Sigmoid,Sigmoid,Adam,0.01,1000,0.4937,1,1,0,0.4539,0.4539
754,Sigmoid,Sigmoid,Adam,0.01,2000,0.4908,0,1,1,0.4369,0.5631
755,Sigmoid,Sigmoid,Adam,0.01,2000,0.4908,1,1,0,0.4602,0.4602
756,Sigmoid,Sigmoid,Adam,0.01,5000,0.4881,0,1,1,0.4424,0.5576
757,Sigmoid,Sigmoid,Adam,0.01,5000,0.4881,1,1,0,0.4664,0.4664
758,Sigmoid,Sigmoid,Adam,0.01,10000,0.4856,0,1,1,0.4478,0.5522
759,Sigmoid,Sigmoid,Adam,0.01,10000,0.4856,1,1,0,0.4726,0.4726
760,Sigmoid,Sigmoid,Adam,0.05,100,0.6177,0,1,1,0.7429,0.2571
761,Sigmoid,Sigmoid,Adam,0.05,100,0.6177,1,1,0,0.7614,0.7614
762,Sigmoid,Sigmoid,Adam,0.05,1000,0.5968,0,1,1,0.7219,0.2781
763,Sigmoid,Sigmoid,Adam,0.05,1000,0.5968,1,1,0,0.7418,0.7418
764,Sigmoid,Sigmoid,Adam,0.05,2000,0.5771,0,1,1,0.7005,0.2995
765,Sigmoid,Sigmoid,Adam,0.05,2000,0.5771,1,1,0,0.7213,0.7213
766,Sigmoid,Sigmoid,Adam,0.05,5000,0.5591,0,1,1,0.679,0.321
767,Sigmoid,Sigmoid,Adam,0.05,5000,0.5591,1,1,0,0.7001,0.7001
768,Sigmoid,Sigmoid,Adam,0.05,10000,0.5432,0,1,1,0.6575,0.3425
769,Sigmoid,Sigmoid,Adam,0.05,10000,0.5432,1,1,0,0.6784,0.6784
770,Sigmoid,Sigmoid,Adam,0.1,100,0.5732,0,1,1,0.3789,0.6211
771,Sigmoid,Sigmoid,Adam,0.1,100,0.5732,1,1,0,0.3773,0.3773
772,Sigmoid,Sigmoid,Adam,0.1,1000,0.5376,0,1,1,0.4304,0.5696
773,Sigmoid,Sigmoid,Adam,0.1,1000,0.5376,1,1,0,0.4283,0.4283
774,Sigmoid,Sigmoid,Adam,0.1,2000,0.5156,0,1,1,0.477,0.523
775,Sigmoid,Sigmoid,Adam,0.1,2000,0.5156,1,1,0,0.4731,0.4731
776,Sigmoid,Sigmoid,Adam,0.1,5000,0.5064,0,1,1,0.5144,0.4856
777,Sigmoid,Sigmoid,Adam,0.1,5000,0.5064,1,1,0,0.5089,0.5089
778,Sigmoid,Sigmoid,Adam,0.1,10000,0.5057,0,1,1,0.5402,0.4598
779,Sigmoid,Sigmoid,Adam,0.1,10000,0.5057,1,1,0,0.534,0.534
780,Sigmoid,Sigmoid,Adam,0.9,100,0.5039,0,1,1,0.8259,0.1741
781,Sigmoid,Sigmoid,Adam,0.9,100,0.5039,1,1,0,0.8541,0.8541
782,Sigmoid,Sigmoid,Adam,0.9,1000,0.7065,0,1,1,0.6175,0.3825
783,Sigmoid,Sigmoid,Adam,0.9,1000,0.7065,1,1,0,0.6644,0.6644
784,Sigmoid,Sigmoid,Adam,0.9,2000,0.4954,0,1,1,0.3835,0.6165
785,Sigmoid,Sigmoid,Adam,0.9,2000,0.4954,1,1,0,0.4017,0.4017
786,Sigmoid,Sigmoid,Adam,0.9,5000,0.5047,0,1,1,0.3138,0.6862
787,Sigmoid,Sigmoid,Adam,0.9,5000,0.5047,1,1,0,0.3829,0.3829
788,Sigmoid,Sigmoid,Adam,0.9,10000,0.4786,0,1,1,0.3234,0.6766
789,Sigmoid,Sigmoid,Adam,0.9,10000,0.4786,1,1,0,0.5111,0.5111
790,Sigmoid,Sigmoid,Adam,1.0,100,0.5417,0,1,1,0.1514,0.8486
791,Sigmoid,Sigmoid,Adam,1.0,100,0.5417,1,1,0,0.1764,0.1764
792,Sigmoid,Sigmoid,Adam,1.0,1000,0.7232,0,1,1,0.3213,0.6787
793,Sigmoid,Sigmoid,Adam,1.0,1000,0.7232,1,1,0,0.3525,0.3525
794,Sigmoid,Sigmoid,Adam,1.0,2000,0.5217,0,1,1,0.5428,0.4572
795,Sigmoid,Sigmoid,Adam,1.0,2000,0.5217,1,1,0,0.5535,0.5535
796,Sigmoid,Sigmoid,Adam,1.0,5000,0.4897,0,1,1,0.6459,0.3541
797,Sigmoid,Sigmoid,Adam,1.0,5000,0.4897,1,1,0,0.662,0.662
798,Sigmoid,Sigmoid,Adam,1.0,10000,0.5221,0,1,1,0.6467,0.3533
799,Sigmoid,Sigmoid,Adam,1.0,10000,0.5221,1,1,0,0.6779,0.6779
800,Sigmoid,Sigmoid,Adam,0.01,100,0.5603,0,1,1,0.3067,0.6933
801,Sigmoid,Sigmoid,Adam,0.01,100,0.5603,1,1,0,0.321,0.321
802,Sigmoid,Sigmoid,Adam,0.01,1000,0.5599,0,1,1,0.3072,0.6928
803,Sigmoid,Sigmoid,Adam,0.01,1000,0.5599,1,1,0,0.3214,0.3214
804,Sigmoid,Sigmoid,Adam,0.01,2000,0.5595,0,1,1,0.3076,0.6924
805,Sigmoid,Sigmoid,Adam,0.01,2000,0.5595,1,1,0,0.3218,0.3218
806,Sigmoid,Sigmoid,Adam,0.01,5000,0.5592,0,1,1,0.308,0.692
807,Sigmoid,Sigmoid,Adam,0.01,5000,0.5592,1,1,0,0.3223,0.3223
808,Sigmoid,Sigmoid,Adam,0.01,10000,0.5588,0,1,1,0.3085,0.6915
809,Sigmoid,Sigmoid,Adam,0.01,10000,0.5588,1,1,0,0.3227,0.3227
810,Sigmoid,Sigmoid,Adam,0.05,100,0.5055,0,1,1,0.5307,0.4693
811,Sigmoid,Sigmoid,Adam,0.05,100,0.5055,1,1,0,0.5276,0.5276
812,Sigmoid,Sigmoid,Adam,0.05,1000,0.5054,0,1,1,0.5302,0.4698
813,Sigmoid,Sigmoid,Adam,0.05,1000,0.5054,1,1,0,0.5272,0.5272
814,Sigmoid,Sigmoid,Adam,0.05,2000,0.5053,0,1,1,0.5298,0.4702
815,Sigmoid,Sigmoid,Adam,0.05,2000,0.5053,1,1,0,0.5268,0.5268
816,Sigmoid,Sigmoid,Adam,0.05,5000,0.5052,0,1,1,0.5294,0.4706
817,Sigmoid,Sigmoid,Adam,0.05,5000,0.5052,1,1,0,0.5265,0.5265
818,Sigmoid,Sigmoid,Adam,0.05,10000,0.5051,0,1,1,0.529,0.471
819,Sigmoid,Sigmoid,Adam,0.05,10000,0.5051,1,1,0,0.5261,0.5261
820,Sigmoid,Sigmoid,Adam,0.1,100,0.5332,0,1,1,0.4886,0.5114
821,Sigmoid,Sigmoid,Adam,0.1,100,0.5332,1,1,0,0.4581,0.4581
822,Sigmoid,Sigmoid,Adam,0.1,1000,0.5325,0,1,1,0.4902,0.5098
823,Sigmoid,Sigmoid,Adam,0.1,1000,0.5325,1,1,0,0.4602,0.4602
824,Sigmoid,Sigmoid,Adam,0.1,2000,0.5318,0,1,1,0.4919,0.5081
825,Sigmoid,Sigmoid,Adam,0.1,2000,0.5318,1,1,0,0.4622,0.4622
826,Sigmoid,Sigmoid,Adam,0.1,5000,0.5311,0,1,1,0.4934,0.5066
827,Sigmoid,Sigmoid,Adam,0.1,5000,0.5311,1,1,0,0.4641,0.4641
828,Sigmoid,Sigmoid,Adam,0.1,10000,0.5305,0,1,1,0.4949,0.5051
829,Sigmoid,Sigmoid,Adam,0.1,10000,0.5305,1,1,0,0.466,0.466
830,Sigmoid,Sigmoid,Adam,0.9,100,0.5188,0,1,1,0.5654,0.4346
831,Sigmoid,Sigmoid,Adam,0.9,100,0.5188,1,1,0,0.5613,0.5613
832,Sigmoid,Sigmoid,Adam,0.9,1000,0.5085,0,1,1,0.541,0.459
833,Sigmoid,Sigmoid,Adam,0.9,1000,0.5085,1,1,0,0.5393,0.5393
834,Sigmoid,Sigmoid,Adam,0.9,2000,0.5027,0,1,1,0.5233,0.4767
835,Sigmoid,Sigmoid,Adam,0.9,2000,0.5027,1,1,0,0.5237,0.5237
836,Sigmoid,Sigmoid,Adam,0.9,5000,0.4993,0,1,1,0.5105,0.4895
837,Sigmoid,Sigmoid,Adam,0.9,5000,0.4993,1,1,0,0.5127,0.5127
838,Sigmoid,Sigmoid,Adam,0.9,10000,0.4969,0,1,1,0.5012,0.4988
839,Sigmoid,Sigmoid,Adam,0.9,10000,0.4969,1,1,0,0.5051,0.5051
840,Sigmoid,Sigmoid,Adam,1.0,100,0.4903,0,1,1,0.4814,0.5186
841,Sigmoid,Sigmoid,Adam,1.0,100,0.4903,1,1,0,0.4947,0.4947
842,Sigmoid,Sigmoid,Adam,1.0,1000,0.4876,0,1,1,0.4739,0.5261
843,Sigmoid,Sigmoid,Adam,1.0,1000,0.4876,1,1,0,0.4899,0.4899
844,Sigmoid,Sigmoid,Adam,1.0,2000,0.4851,0,1,1,0.4682,0.5318
845,Sigmoid,Sigmoid,Adam,1.0,2000,0.4851,1,1,0,0.4869,0.4869
846,Sigmoid,Sigmoid,Adam,1.0,5000,0.4826,0,1,1,0.4635,0.5365
847,Sigmoid,Sigmoid,Adam,1.0,5000,0.4826,1,1,0,0.485,0.485
848,Sigmoid,Sigmoid,Adam,1.0,10000,0.4801,0,1,1,0.4595,0.5405
849,Sigmoid,Sigmoid,Adam,1.0,10000,0.4801,1,1,0,0.484,0.484
850,Sigmoid,Sigmoid,sgd.SGD,0.01,100,0.5620,0,1,1,0.6639,0.3361
851,Sigmoid,Sigmoid,sgd.SGD,0.01,100,0.5620,1,1,0,0.6522,0.6522
852,Sigmoid,Sigmoid,sgd.SGD,0.01,1000,0.5617,0,1,1,0.6634,0.3366
853,Sigmoid,Sigmoid,sgd.SGD,0.01,1000,0.5617,1,1,0,0.6518,0.6518
854,Sigmoid,Sigmoid,sgd.SGD,0.01,2000,0.5614,0,1,1,0.663,0.337
855,Sigmoid,Sigmoid,sgd.SGD,0.01,2000,0.5614,1,1,0,0.6513,0.6513
856,Sigmoid,Sigmoid,sgd.SGD,0.01,5000,0.5611,0,1,1,0.6625,0.3375
857,Sigmoid,Sigmoid,sgd.SGD,0.01,5000,0.5611,1,1,0,0.6508,0.6508
858,Sigmoid,Sigmoid,sgd.SGD,0.01,10000,0.5608,0,1,1,0.662,0.338
859,Sigmoid,Sigmoid,sgd.SGD,0.01,10000,0.5608,1,1,0,0.6504,0.6504
860,Sigmoid,Sigmoid,sgd.SGD,0.05,100,0.5227,0,1,1,0.544,0.456
861,Sigmoid,Sigmoid,sgd.SGD,0.05,100,0.5227,1,1,0,0.524,0.524
862,Sigmoid,Sigmoid,sgd.SGD,0.05,1000,0.5225,0,1,1,0.5437,0.4563
863,Sigmoid,Sigmoid,sgd.SGD,0.05,1000,0.5225,1,1,0,0.5237,0.5237
864,Sigmoid,Sigmoid,sgd.SGD,0.05,2000,0.5224,0,1,1,0.5433,0.4567
865,Sigmoid,Sigmoid,sgd.SGD,0.05,2000,0.5224,1,1,0,0.5234,0.5234
866,Sigmoid,Sigmoid,sgd.SGD,0.05,5000,0.5223,0,1,1,0.543,0.457
867,Sigmoid,Sigmoid,sgd.SGD,0.05,5000,0.5223,1,1,0,0.5231,0.5231
868,Sigmoid,Sigmoid,sgd.SGD,0.05,10000,0.5222,0,1,1,0.5426,0.4574
869,Sigmoid,Sigmoid,sgd.SGD,0.05,10000,0.5222,1,1,0,0.5229,0.5229
870,Sigmoid,Sigmoid,sgd.SGD,0.1,100,0.5031,0,1,1,0.4471,0.5529
871,Sigmoid,Sigmoid,sgd.SGD,0.1,100,0.5031,1,1,0,0.4516,0.4516
872,Sigmoid,Sigmoid,sgd.SGD,0.1,1000,0.5023,0,1,1,0.4491,0.5509
873,Sigmoid,Sigmoid,sgd.SGD,0.1,1000,0.5023,1,1,0,0.4539,0.4539
874,Sigmoid,Sigmoid,sgd.SGD,0.1,2000,0.5014,0,1,1,0.4511,0.5489
875,Sigmoid,Sigmoid,sgd.SGD,0.1,2000,0.5014,1,1,0,0.4561,0.4561
876,Sigmoid,Sigmoid,sgd.SGD,0.1,5000,0.5006,0,1,1,0.453,0.547
877,Sigmoid,Sigmoid,sgd.SGD,0.1,5000,0.5006,1,1,0,0.4582,0.4582
878,Sigmoid,Sigmoid,sgd.SGD,0.1,10000,0.4999,0,1,1,0.4548,0.5452
879,Sigmoid,Sigmoid,sgd.SGD,0.1,10000,0.4999,1,1,0,0.4603,0.4603
880,Sigmoid,Sigmoid,sgd.SGD,0.9,100,0.5770,0,1,1,0.3721,0.6279
881,Sigmoid,Sigmoid,sgd.SGD,0.9,100,0.5770,1,1,0,0.3711,0.3711
882,Sigmoid,Sigmoid,sgd.SGD,0.9,1000,0.5364,0,1,1,0.4155,0.5845
883,Sigmoid,Sigmoid,sgd.SGD,0.9,1000,0.5364,1,1,0,0.4192,0.4192
884,Sigmoid,Sigmoid,sgd.SGD,0.9,2000,0.5112,0,1,1,0.4477,0.5523
885,Sigmoid,Sigmoid,sgd.SGD,0.9,2000,0.5112,1,1,0,0.4552,0.4552
886,Sigmoid,Sigmoid,sgd.SGD,0.9,5000,0.4976,0,1,1,0.4695,0.5305
887,Sigmoid,Sigmoid,sgd.SGD,0.9,5000,0.4976,1,1,0,0.4803,0.4803
888,Sigmoid,Sigmoid,sgd.SGD,0.9,10000,0.4906,0,1,1,0.4836,0.5164
889,Sigmoid,Sigmoid,sgd.SGD,0.9,10000,0.4906,1,1,0,0.4973,0.4973
890,Sigmoid,Sigmoid,sgd.SGD,1.0,100,0.5067,0,1,1,0.5419,0.4581
891,Sigmoid,Sigmoid,sgd.SGD,1.0,100,0.5067,1,1,0,0.5423,0.5423
892,Sigmoid,Sigmoid,sgd.SGD,1.0,1000,0.5031,0,1,1,0.5298,0.4702
893,Sigmoid,Sigmoid,sgd.SGD,1.0,1000,0.5031,1,1,0,0.5301,0.5301
894,Sigmoid,Sigmoid,sgd.SGD,1.0,2000,0.5014,0,1,1,0.522,0.478
895,Sigmoid,Sigmoid,sgd.SGD,1.0,2000,0.5014,1,1,0,0.5224,0.5224
896,Sigmoid,Sigmoid,sgd.SGD,1.0,5000,0.5006,0,1,1,0.517,0.483
897,Sigmoid,Sigmoid,sgd.SGD,1.0,5000,0.5006,1,1,0,0.5175,0.5175
898,Sigmoid,Sigmoid,sgd.SGD,1.0,10000,0.5001,0,1,1,0.5136,0.4864
899,Sigmoid,Sigmoid,sgd.SGD,1.0,10000,0.5001,1,1,0,0.5143,0.5143
900,Tanh,Tanh,Adam,0.01,100,1.,0,1,1,0.0,1.0
901,Tanh,Tanh,Adam,0.01,100,1.,1,1,0,0.0,0.0
902,Tanh,Tanh,Adam,0.01,1000,1.,0,1,1,0.0,1.0
903,Tanh,Tanh,Adam,0.01,1000,1.,1,1,0,0.0,0.0
904,Tanh,Tanh,Adam,0.01,2000,1.,0,1,1,0.0,1.0
905,Tanh,Tanh,Adam,0.01,2000,1.,1,1,0,0.0,0.0
906,Tanh,Tanh,Adam,0.01,5000,1.,0,1,1,0.0,1.0
907,Tanh,Tanh,Adam,0.01,5000,1.,1,1,0,0.0,0.0
908,Tanh,Tanh,Adam,0.01,10000,1.,0,1,1,0.0,1.0
909,Tanh,Tanh,Adam,0.01,10000,1.,1,1,0,0.0,0.0
910,Tanh,Tanh,Adam,0.05,100,1.,0,1,1,0.0,1.0
911,Tanh,Tanh,Adam,0.05,100,1.,1,1,0,0.0,0.0
912,Tanh,Tanh,Adam,0.05,1000,1.,0,1,1,0.0,1.0
913,Tanh,Tanh,Adam,0.05,1000,1.,1,1,0,0.0,0.0
914,Tanh,Tanh,Adam,0.05,2000,1.,0,1,1,0.0,1.0
915,Tanh,Tanh,Adam,0.05,2000,1.,1,1,0,0.0,0.0
916,Tanh,Tanh,Adam,0.05,5000,1.,0,1,1,0.0,1.0
917,Tanh,Tanh,Adam,0.05,5000,1.,1,1,0,0.0,0.0
918,Tanh,Tanh,Adam,0.05,10000,1.,0,1,1,0.0,1.0
919,Tanh,Tanh,Adam,0.05,10000,1.,1,1,0,0.0,0.0
920,Tanh,Tanh,Adam,0.1,100,0.5403,0,1,1,0.4614,0.5386
921,Tanh,Tanh,Adam,0.1,100,0.5403,1,1,0,0.6093,0.6093
922,Tanh,Tanh,Adam,0.1,1000,0.3827,0,1,1,0.5769,0.4231
923,Tanh,Tanh,Adam,0.1,1000,0.3827,1,1,0,0.7973,0.7973
924,Tanh,Tanh,Adam,0.1,2000,0.4133,0,1,1,0.5327,0.4673
925,Tanh,Tanh,Adam,0.1,2000,0.4133,1,1,0,0.8134,0.8134
926,Tanh,Tanh,Adam,0.1,5000,0.3600,0,1,1,0.42,0.58
927,Tanh,Tanh,Adam,0.1,5000,0.3600,1,1,0,0.7533,0.7533
928,Tanh,Tanh,Adam,0.1,10000,0.2698,0,1,1,0.2889,0.7111
929,Tanh,Tanh,Adam,0.1,10000,0.2698,1,1,0,0.6763,0.6763
930,Tanh,Tanh,Adam,0.9,100,1.,0,1,1,0.0,1.0
931,Tanh,Tanh,Adam,0.9,100,1.,1,1,0,0.0,0.0
932,Tanh,Tanh,Adam,0.9,1000,1.,0,1,1,0.0,1.0
933,Tanh,Tanh,Adam,0.9,1000,1.,1,1,0,0.0,0.0
934,Tanh,Tanh,Adam,0.9,2000,1.,0,1,1,0.0,1.0
935,Tanh,Tanh,Adam,0.9,2000,1.,1,1,0,0.0,0.0
936,Tanh,Tanh,Adam,0.9,5000,1.,0,1,1,0.0,1.0
937,Tanh,Tanh,Adam,0.9,5000,1.,1,1,0,0.0,0.0
938,Tanh,Tanh,Adam,0.9,10000,1.,0,1,1,0.0,1.0
939,Tanh,Tanh,Adam,0.9,10000,1.,1,1,0,0.0,0.0
940,Tanh,Tanh,Adam,1.0,100,1.,0,1,1,0.0,1.0
941,Tanh,Tanh,Adam,1.0,100,1.,1,1,0,0.0,0.0
942,Tanh,Tanh,Adam,1.0,1000,1.,0,1,1,0.0,1.0
943,Tanh,Tanh,Adam,1.0,1000,1.,1,1,0,0.0,0.0
944,Tanh,Tanh,Adam,1.0,2000,1.,0,1,1,0.0,1.0
945,Tanh,Tanh,Adam,1.0,2000,1.,1,1,0,0.0,0.0
946,Tanh,Tanh,Adam,1.0,5000,1.,0,1,1,0.0,1.0
947,Tanh,Tanh,Adam,1.0,5000,1.,1,1,0,0.0,0.0
948,Tanh,Tanh,Adam,1.0,10000,1.,0,1,1,0.0,1.0
949,Tanh,Tanh,Adam,1.0,10000,1.,1,1,0,0.0,0.0
950,Tanh,Tanh,Adam,0.01,100,0.3771,0,1,1,0.9198,0.0802
951,Tanh,Tanh,Adam,0.01,100,0.3771,1,1,0,0.9736,0.9736
952,Tanh,Tanh,Adam,0.01,1000,0.3728,0,1,1,0.9196,0.0804
953,Tanh,Tanh,Adam,0.01,1000,0.3728,1,1,0,0.9784,0.9784
954,Tanh,Tanh,Adam,0.01,2000,0.3685,0,1,1,0.9191,0.0809
955,Tanh,Tanh,Adam,0.01,2000,0.3685,1,1,0,0.983,0.983
956,Tanh,Tanh,Adam,0.01,5000,0.3643,0,1,1,0.9185,0.0815
957,Tanh,Tanh,Adam,0.01,5000,0.3643,1,1,0,0.9874,0.9874
958,Tanh,Tanh,Adam,0.01,10000,0.3602,0,1,1,0.9177,0.0823
959,Tanh,Tanh,Adam,0.01,10000,0.3602,1,1,0,0.9916,0.9916
960,Tanh,Tanh,Adam,0.05,100,1.,0,1,1,0.0,1.0
961,Tanh,Tanh,Adam,0.05,100,1.,1,1,0,0.0,0.0
962,Tanh,Tanh,Adam,0.05,1000,1.,0,1,1,0.0,1.0
963,Tanh,Tanh,Adam,0.05,1000,1.,1,1,0,0.0,0.0
964,Tanh,Tanh,Adam,0.05,2000,1.,0,1,1,0.0,1.0
965,Tanh,Tanh,Adam,0.05,2000,1.,1,1,0,0.0,0.0
966,Tanh,Tanh,Adam,0.05,5000,1.,0,1,1,0.0,1.0
967,Tanh,Tanh,Adam,0.05,5000,1.,1,1,0,0.0,0.0
968,Tanh,Tanh,Adam,0.05,10000,1.,0,1,1,0.0,1.0
969,Tanh,Tanh,Adam,0.05,10000,1.,1,1,0,0.0,0.0
970,Tanh,Tanh,Adam,0.1,100,1.,0,1,1,0.0,1.0
971,Tanh,Tanh,Adam,0.1,100,1.,1,1,0,0.0,0.0
972,Tanh,Tanh,Adam,0.1,1000,1.,0,1,1,0.0,1.0
973,Tanh,Tanh,Adam,0.1,1000,1.,1,1,0,0.0,0.0
974,Tanh,Tanh,Adam,0.1,2000,1.,0,1,1,0.0,1.0
975,Tanh,Tanh,Adam,0.1,2000,1.,1,1,0,0.0,0.0
976,Tanh,Tanh,Adam,0.1,5000,1.,0,1,1,0.0,1.0
977,Tanh,Tanh,Adam,0.1,5000,1.,1,1,0,0.0,0.0
978,Tanh,Tanh,Adam,0.1,10000,1.,0,1,1,0.0,1.0
979,Tanh,Tanh,Adam,0.1,10000,1.,1,1,0,0.0,0.0
980,Tanh,Tanh,Adam,0.9,100,1.,0,1,1,0.0,1.0
981,Tanh,Tanh,Adam,0.9,100,1.,1,1,0,0.0,0.0
982,Tanh,Tanh,Adam,0.9,1000,1.,0,1,1,0.0,1.0
983,Tanh,Tanh,Adam,0.9,1000,1.,1,1,0,0.0,0.0
984,Tanh,Tanh,Adam,0.9,2000,1.,0,1,1,0.0,1.0
985,Tanh,Tanh,Adam,0.9,2000,1.,1,1,0,0.0,0.0
986,Tanh,Tanh,Adam,0.9,5000,1.,0,1,1,0.0,1.0
987,Tanh,Tanh,Adam,0.9,5000,1.,1,1,0,0.0,0.0
988,Tanh,Tanh,Adam,0.9,10000,1.,0,1,1,0.0,1.0
989,Tanh,Tanh,Adam,0.9,10000,1.,1,1,0,0.0,0.0
990,Tanh,Tanh,Adam,1.0,100,1.,0,1,1,0.0375,0.9625
991,Tanh,Tanh,Adam,1.0,100,1.,1,1,0,0.1241,0.1241
992,Tanh,Tanh,Adam,1.0,1000,1.,0,1,1,0.0374,0.9626
993,Tanh,Tanh,Adam,1.0,1000,1.,1,1,0,0.124,0.124
994,Tanh,Tanh,Adam,1.0,2000,1.,0,1,1,0.0374,0.9626
995,Tanh,Tanh,Adam,1.0,2000,1.,1,1,0,0.124,0.124
996,Tanh,Tanh,Adam,1.0,5000,1.,0,1,1,0.0374,0.9626
997,Tanh,Tanh,Adam,1.0,5000,1.,1,1,0,0.1239,0.1239
998,Tanh,Tanh,Adam,1.0,10000,1.,0,1,1,0.0374,0.9626
999,Tanh,Tanh,Adam,1.0,10000,1.,1,1,0,0.1239,0.1239
1000,Tanh,Tanh,sgd.SGD,0.01,100,0.2533,0,1,1,0.0372,0.9628
1001,Tanh,Tanh,sgd.SGD,0.01,100,0.2533,1,1,0,0.3353,0.3353
1002,Tanh,Tanh,sgd.SGD,0.01,1000,0.2354,0,1,1,0.0472,0.9528
1003,Tanh,Tanh,sgd.SGD,0.01,1000,0.2354,1,1,0,0.3511,0.3511
1004,Tanh,Tanh,sgd.SGD,0.01,2000,0.2193,0,1,1,0.0565,0.9435
1005,Tanh,Tanh,sgd.SGD,0.01,2000,0.2193,1,1,0,0.366,0.366
1006,Tanh,Tanh,sgd.SGD,0.01,5000,0.2049,0,1,1,0.065,0.935
1007,Tanh,Tanh,sgd.SGD,0.01,5000,0.2049,1,1,0,0.38,0.38
1008,Tanh,Tanh,sgd.SGD,0.01,10000,0.1919,0,1,1,0.0729,0.9271
1009,Tanh,Tanh,sgd.SGD,0.01,10000,0.1919,1,1,0,0.3933,0.3933
1010,Tanh,Tanh,sgd.SGD,0.05,100,1.0103,0,1,1,0.2186,0.7814
1011,Tanh,Tanh,sgd.SGD,0.05,100,1.0103,1,1,0,0.0367,0.0367
1012,Tanh,Tanh,sgd.SGD,0.05,1000,1.0070,0,1,1,0.2043,0.7957
1013,Tanh,Tanh,sgd.SGD,0.05,1000,1.0070,1,1,0,0.0226,0.0226
1014,Tanh,Tanh,sgd.SGD,0.05,2000,1.0048,0,1,1,0.1925,0.8075
1015,Tanh,Tanh,sgd.SGD,0.05,2000,1.0048,1,1,0,0.011,0.011
1016,Tanh,Tanh,sgd.SGD,0.05,5000,1.0033,0,1,1,0.1827,0.8173
1017,Tanh,Tanh,sgd.SGD,0.05,5000,1.0033,1,1,0,0.0014,0.0014
1018,Tanh,Tanh,sgd.SGD,0.05,10000,1.0023,0,1,1,0.1746,0.8254
1019,Tanh,Tanh,sgd.SGD,0.05,10000,1.0023,1,1,0,0.0,0.0
1020,Tanh,Tanh,sgd.SGD,0.1,100,1.,0,1,1,0.0,1.0
1021,Tanh,Tanh,sgd.SGD,0.1,100,1.,1,1,0,0.0,0.0
1022,Tanh,Tanh,sgd.SGD,0.1,1000,1.,0,1,1,0.0,1.0
1023,Tanh,Tanh,sgd.SGD,0.1,1000,1.,1,1,0,0.0,0.0
1024,Tanh,Tanh,sgd.SGD,0.1,2000,1.,0,1,1,0.0,1.0
1025,Tanh,Tanh,sgd.SGD,0.1,2000,1.,1,1,0,0.0,0.0
1026,Tanh,Tanh,sgd.SGD,0.1,5000,1.,0,1,1,0.0,1.0
1027,Tanh,Tanh,sgd.SGD,0.1,5000,1.,1,1,0,0.0,0.0
1028,Tanh,Tanh,sgd.SGD,0.1,10000,1.,0,1,1,0.0,1.0
1029,Tanh,Tanh,sgd.SGD,0.1,10000,1.,1,1,0,0.0,0.0
1030,Tanh,Tanh,sgd.SGD,0.9,100,0.3590,0,1,1,0.0,1.0
1031,Tanh,Tanh,sgd.SGD,0.9,100,0.3590,1,1,0,0.4275,0.4275
1032,Tanh,Tanh,sgd.SGD,0.9,1000,0.1718,0,1,1,0.0,1.0
1033,Tanh,Tanh,sgd.SGD,0.9,1000,0.1718,1,1,0,0.0,0.0
1034,Tanh,Tanh,sgd.SGD,0.9,2000,0.8949,0,1,1,1.8182,0.8182
1035,Tanh,Tanh,sgd.SGD,0.9,2000,0.8949,1,1,0,3.0076,3.0076
1036,Tanh,Tanh,sgd.SGD,0.9,5000,12.0215,0,1,1,1.7253,0.7253
1037,Tanh,Tanh,sgd.SGD,0.9,5000,12.0215,1,1,0,0.0,0.0
1038,Tanh,Tanh,sgd.SGD,0.9,10000,3.4942,0,1,1,0.0,1.0
1039,Tanh,Tanh,sgd.SGD,0.9,10000,3.4942,1,1,0,0.0,0.0
1040,Tanh,Tanh,sgd.SGD,1.0,100,1.,0,1,1,0.0,1.0
1041,Tanh,Tanh,sgd.SGD,1.0,100,1.,1,1,0,0.0,0.0
1042,Tanh,Tanh,sgd.SGD,1.0,1000,1.,0,1,1,0.0,1.0
1043,Tanh,Tanh,sgd.SGD,1.0,1000,1.,1,1,0,0.0,0.0
1044,Tanh,Tanh,sgd.SGD,1.0,2000,1.,0,1,1,0.0,1.0
1045,Tanh,Tanh,sgd.SGD,1.0,2000,1.,1,1,0,0.0,0.0
1046,Tanh,Tanh,sgd.SGD,1.0,5000,1.,0,1,1,0.0,1.0
1047,Tanh,Tanh,sgd.SGD,1.0,5000,1.,1,1,0,0.0,0.0
1048,Tanh,Tanh,sgd.SGD,1.0,10000,1.,0,1,1,0.0,1.0
1049,Tanh,Tanh,sgd.SGD,1.0,10000,1.,1,1,0,0.0,0.0
1050,Tanh,Tanh,Adam,0.01,100,0.5248,0,1,1,0.7015,0.2985
1051,Tanh,Tanh,Adam,0.01,100,0.5248,1,1,0,0.6584,0.6584
1052,Tanh,Tanh,Adam,0.01,1000,0.5134,0,1,1,0.6973,0.3027
1053,Tanh,Tanh,Adam,0.01,1000,0.5134,1,1,0,0.6606,0.6606
1054,Tanh,Tanh,Adam,0.01,2000,0.5020,0,1,1,0.693,0.307
1055,Tanh,Tanh,Adam,0.01,2000,0.5020,1,1,0,0.6627,0.6627
1056,Tanh,Tanh,Adam,0.01,5000,0.4906,0,1,1,0.6887,0.3113
1057,Tanh,Tanh,Adam,0.01,5000,0.4906,1,1,0,0.6648,0.6648
1058,Tanh,Tanh,Adam,0.01,10000,0.4792,0,1,1,0.6844,0.3156
1059,Tanh,Tanh,Adam,0.01,10000,0.4792,1,1,0,0.667,0.667
1060,Tanh,Tanh,Adam,0.05,100,0.5392,0,1,1,0.3128,0.6872
1061,Tanh,Tanh,Adam,0.05,100,0.5392,1,1,0,0.3968,0.3968
1062,Tanh,Tanh,Adam,0.05,1000,0.4715,0,1,1,0.23,0.77
1063,Tanh,Tanh,Adam,0.05,1000,0.4715,1,1,0,0.3756,0.3756
1064,Tanh,Tanh,Adam,0.05,2000,0.4056,0,1,1,0.1454,0.8546
1065,Tanh,Tanh,Adam,0.05,2000,0.4056,1,1,0,0.3546,0.3546
1066,Tanh,Tanh,Adam,0.05,5000,0.3475,0,1,1,0.0627,0.9373
1067,Tanh,Tanh,Adam,0.05,5000,0.3475,1,1,0,0.3364,0.3364
1068,Tanh,Tanh,Adam,0.05,10000,0.3028,0,1,1,-0.01,1.01
1069,Tanh,Tanh,Adam,0.05,10000,0.3028,1,1,0,0.3288,0.3288
1070,Tanh,Tanh,Adam,0.1,100,0.5686,0,1,1,0.5854,0.4146
1071,Tanh,Tanh,Adam,0.1,100,0.5686,1,1,0,0.5688,0.5688
1072,Tanh,Tanh,Adam,0.1,1000,0.5145,0,1,1,0.5873,0.4127
1073,Tanh,Tanh,Adam,0.1,1000,0.5145,1,1,0,0.5966,0.5966
1074,Tanh,Tanh,Adam,0.1,2000,0.5137,0,1,1,0.5514,0.4486
1075,Tanh,Tanh,Adam,0.1,2000,0.5137,1,1,0,0.5861,0.5861
1076,Tanh,Tanh,Adam,0.1,5000,0.5053,0,1,1,0.4849,0.5151
1077,Tanh,Tanh,Adam,0.1,5000,0.5053,1,1,0,0.5548,0.5548
1078,Tanh,Tanh,Adam,0.1,10000,0.4740,0,1,1,0.3871,0.6129
1079,Tanh,Tanh,Adam,0.1,10000,0.4740,1,1,0,0.5101,0.5101
1080,Tanh,Tanh,Adam,0.9,100,3.3675,0,1,1,0.77,0.23
1081,Tanh,Tanh,Adam,0.9,100,3.3675,1,1,0,0.8165,0.8165
1082,Tanh,Tanh,Adam,0.9,1000,0.7188,0,1,1,0.8404,0.1596
1083,Tanh,Tanh,Adam,0.9,1000,0.7188,1,1,0,0.8526,0.8526
1084,Tanh,Tanh,Adam,0.9,2000,0.7944,0,1,1,0.7195,0.2805
1085,Tanh,Tanh,Adam,0.9,2000,0.7944,1,1,0,0.73,0.73
1086,Tanh,Tanh,Adam,0.9,5000,0.6492,0,1,1,0.2139,0.7861
1087,Tanh,Tanh,Adam,0.9,5000,0.6492,1,1,0,0.2274,0.2274
1088,Tanh,Tanh,Adam,0.9,10000,0.6632,0,1,1,0.5665,0.4335
1089,Tanh,Tanh,Adam,0.9,10000,0.6632,1,1,0,0.5804,0.5804
1090,Tanh,Tanh,Adam,1.0,100,2.4271,0,1,1,0.9471,0.0529
1091,Tanh,Tanh,Adam,1.0,100,2.4271,1,1,0,0.9567,0.9567
1092,Tanh,Tanh,Adam,1.0,1000,0.9130,0,1,1,0.9879,0.0121
1093,Tanh,Tanh,Adam,1.0,1000,0.9130,1,1,0,0.9811,0.9811
1094,Tanh,Tanh,Adam,1.0,2000,0.9715,0,1,1,0.9928,0.0072
1095,Tanh,Tanh,Adam,1.0,2000,0.9715,1,1,0,0.9903,0.9903
1096,Tanh,Tanh,Adam,1.0,5000,0.9838,0,1,1,0.9952,0.0048
1097,Tanh,Tanh,Adam,1.0,5000,0.9838,1,1,0,0.9944,0.9944
1098,Tanh,Tanh,Adam,1.0,10000,0.9898,0,1,1,0.9967,0.0033
1099,Tanh,Tanh,Adam,1.0,10000,0.9898,1,1,0,0.9964,0.9964
1100,Tanh,Tanh,Adam,0.01,100,2.1073,0,1,1,-0.0781,1.0781
1101,Tanh,Tanh,Adam,0.01,100,2.1073,1,1,0,-0.1464,0.1464
1102,Tanh,Tanh,Adam,0.01,1000,1.9512,0,1,1,-0.0391,1.0391
1103,Tanh,Tanh,Adam,0.01,1000,1.9512,1,1,0,-0.0944,0.0944
1104,Tanh,Tanh,Adam,0.01,2000,1.7994,0,1,1,-0.0009,1.0009
1105,Tanh,Tanh,Adam,0.01,2000,1.7994,1,1,0,-0.0433,0.0433
1106,Tanh,Tanh,Adam,0.01,5000,1.6542,0,1,1,0.036,0.964
1107,Tanh,Tanh,Adam,0.01,5000,1.6542,1,1,0,0.0064,0.0064
1108,Tanh,Tanh,Adam,0.01,10000,1.5174,0,1,1,0.0713,0.9287
1109,Tanh,Tanh,Adam,0.01,10000,1.5174,1,1,0,0.054,0.054
1110,Tanh,Tanh,Adam,0.05,100,0.4479,0,1,1,0.2431,0.7569
1111,Tanh,Tanh,Adam,0.05,100,0.4479,1,1,0,0.4682,0.4682
1112,Tanh,Tanh,Adam,0.05,1000,0.4308,0,1,1,0.2085,0.7915
1113,Tanh,Tanh,Adam,0.05,1000,0.4308,1,1,0,0.4442,0.4442
1114,Tanh,Tanh,Adam,0.05,2000,0.4160,0,1,1,0.1762,0.8238
1115,Tanh,Tanh,Adam,0.05,2000,0.4160,1,1,0,0.4227,0.4227
1116,Tanh,Tanh,Adam,0.05,5000,0.4031,0,1,1,0.1464,0.8536
1117,Tanh,Tanh,Adam,0.05,5000,0.4031,1,1,0,0.4039,0.4039
1118,Tanh,Tanh,Adam,0.05,10000,0.3918,0,1,1,0.1189,0.8811
1119,Tanh,Tanh,Adam,0.05,10000,0.3918,1,1,0,0.3877,0.3877
1120,Tanh,Tanh,Adam,0.1,100,1.2977,0,1,1,0.4607,0.5393
1121,Tanh,Tanh,Adam,0.1,100,1.2977,1,1,0,0.3549,0.3549
1122,Tanh,Tanh,Adam,0.1,1000,0.6989,0,1,1,0.5265,0.4735
1123,Tanh,Tanh,Adam,0.1,1000,0.6989,1,1,0,0.4608,0.4608
1124,Tanh,Tanh,Adam,0.1,2000,0.5911,0,1,1,0.5532,0.4468
1125,Tanh,Tanh,Adam,0.1,2000,0.5911,1,1,0,0.5101,0.5101
1126,Tanh,Tanh,Adam,0.1,5000,0.5538,0,1,1,0.5658,0.4342
1127,Tanh,Tanh,Adam,0.1,5000,0.5538,1,1,0,0.5388,0.5388
1128,Tanh,Tanh,Adam,0.1,10000,0.5331,0,1,1,0.5719,0.4281
1129,Tanh,Tanh,Adam,0.1,10000,0.5331,1,1,0,0.5579,0.5579
1130,Tanh,Tanh,Adam,0.9,100,2.1344,0,1,1,0.9998,0.0002
1131,Tanh,Tanh,Adam,0.9,100,2.1344,1,1,0,1.0,1.0
1132,Tanh,Tanh,Adam,0.9,1000,0.9995,0,1,1,0.9998,0.0002
1133,Tanh,Tanh,Adam,0.9,1000,0.9995,1,1,0,1.0,1.0
1134,Tanh,Tanh,Adam,0.9,2000,0.9995,0,1,1,0.9998,0.0002
1135,Tanh,Tanh,Adam,0.9,2000,0.9995,1,1,0,1.0,1.0
1136,Tanh,Tanh,Adam,0.9,5000,0.9995,0,1,1,0.9998,0.0002
1137,Tanh,Tanh,Adam,0.9,5000,0.9995,1,1,0,1.0,1.0
1138,Tanh,Tanh,Adam,0.9,10000,0.9995,0,1,1,0.9998,0.0002
1139,Tanh,Tanh,Adam,0.9,10000,0.9995,1,1,0,1.0,1.0
1140,Tanh,Tanh,Adam,1.0,100,0.6612,0,1,1,0.5757,0.4243
1141,Tanh,Tanh,Adam,1.0,100,0.6612,1,1,0,0.6154,0.6154
1142,Tanh,Tanh,Adam,1.0,1000,0.4845,0,1,1,0.242,0.758
1143,Tanh,Tanh,Adam,1.0,1000,0.4845,1,1,0,0.4035,0.4035
1144,Tanh,Tanh,Adam,1.0,2000,0.4289,0,1,1,0.7547,0.2453
1145,Tanh,Tanh,Adam,1.0,2000,0.4289,1,1,0,0.8856,0.8856
1146,Tanh,Tanh,Adam,1.0,5000,0.6118,0,1,1,0.2354,0.7646
1147,Tanh,Tanh,Adam,1.0,5000,0.6118,1,1,0,0.6423,0.6423
1148,Tanh,Tanh,Adam,1.0,10000,0.1397,0,1,1,0.0928,0.9072
1149,Tanh,Tanh,Adam,1.0,10000,0.1397,1,1,0,0.7589,0.7589
1150,Tanh,Tanh,sgd.SGD,0.01,100,1.7179,0,1,1,-0.3499,1.3499
1151,Tanh,Tanh,sgd.SGD,0.01,100,1.7179,1,1,0,-0.2286,0.2286
1152,Tanh,Tanh,sgd.SGD,0.01,1000,1.5817,0,1,1,-0.3226,1.3226
1153,Tanh,Tanh,sgd.SGD,0.01,1000,1.5817,1,1,0,-0.1934,0.1934
1154,Tanh,Tanh,sgd.SGD,0.01,2000,1.4533,0,1,1,-0.296,1.296
1155,Tanh,Tanh,sgd.SGD,0.01,2000,1.4533,1,1,0,-0.1591,0.1591
1156,Tanh,Tanh,sgd.SGD,0.01,5000,1.3336,0,1,1,-0.2705,1.2705
1157,Tanh,Tanh,sgd.SGD,0.01,5000,1.3336,1,1,0,-0.126,0.126
1158,Tanh,Tanh,sgd.SGD,0.01,10000,1.2232,0,1,1,-0.246,1.246
1159,Tanh,Tanh,sgd.SGD,0.01,10000,1.2232,1,1,0,-0.0941,0.0941
1160,Tanh,Tanh,sgd.SGD,0.05,100,1.0142,0,1,1,0.0123,0.9877
1161,Tanh,Tanh,sgd.SGD,0.05,100,1.0142,1,1,0,0.0474,0.0474
1162,Tanh,Tanh,sgd.SGD,0.05,1000,0.8021,0,1,1,0.0898,0.9102
1163,Tanh,Tanh,sgd.SGD,0.05,1000,0.8021,1,1,0,0.1302,0.1302
1164,Tanh,Tanh,sgd.SGD,0.05,2000,0.6710,0,1,1,0.1484,0.8516
1165,Tanh,Tanh,sgd.SGD,0.05,2000,0.6710,1,1,0,0.1958,0.1958
1166,Tanh,Tanh,sgd.SGD,0.05,5000,0.5895,0,1,1,0.1929,0.8071
1167,Tanh,Tanh,sgd.SGD,0.05,5000,0.5895,1,1,0,0.2484,0.2484
1168,Tanh,Tanh,sgd.SGD,0.05,10000,0.5369,0,1,1,0.227,0.773
1169,Tanh,Tanh,sgd.SGD,0.05,10000,0.5369,1,1,0,0.2911,0.2911
1170,Tanh,Tanh,sgd.SGD,0.1,100,0.7352,0,1,1,0.3842,0.6158
1171,Tanh,Tanh,sgd.SGD,0.1,100,0.7352,1,1,0,0.3451,0.3451
1172,Tanh,Tanh,sgd.SGD,0.1,1000,0.5910,0,1,1,0.4077,0.5923
1173,Tanh,Tanh,sgd.SGD,0.1,1000,0.5910,1,1,0,0.3997,0.3997
1174,Tanh,Tanh,sgd.SGD,0.1,2000,0.5272,0,1,1,0.4121,0.5879
1175,Tanh,Tanh,sgd.SGD,0.1,2000,0.5272,1,1,0,0.4298,0.4298
1176,Tanh,Tanh,sgd.SGD,0.1,5000,0.4883,0,1,1,0.4059,0.5941
1177,Tanh,Tanh,sgd.SGD,0.1,5000,0.4883,1,1,0,0.4474,0.4474
1178,Tanh,Tanh,sgd.SGD,0.1,10000,0.4587,0,1,1,0.393,0.607
1179,Tanh,Tanh,sgd.SGD,0.1,10000,0.4587,1,1,0,0.4582,0.4582
1180,Tanh,Tanh,sgd.SGD,0.9,100,0.4989,0,1,1,0.7586,0.2414
1181,Tanh,Tanh,sgd.SGD,0.9,100,0.4989,1,1,0,0.9077,0.9077
1182,Tanh,Tanh,sgd.SGD,0.9,1000,0.7547,0,1,1,0.4011,0.5989
1183,Tanh,Tanh,sgd.SGD,0.9,1000,0.7547,1,1,0,0.7076,0.7076
1184,Tanh,Tanh,sgd.SGD,0.9,2000,0.3789,0,1,1,-0.292,1.292
1185,Tanh,Tanh,sgd.SGD,0.9,2000,0.3789,1,1,0,0.1869,0.1869
1186,Tanh,Tanh,sgd.SGD,0.9,5000,0.5853,0,1,1,0.9539,0.0461
1187,Tanh,Tanh,sgd.SGD,0.9,5000,0.5853,1,1,0,0.9943,0.9943
1188,Tanh,Tanh,sgd.SGD,0.9,10000,0.9737,0,1,1,0.9418,0.0582
1189,Tanh,Tanh,sgd.SGD,0.9,10000,0.9737,1,1,0,0.9928,0.9928
1190,Tanh,Tanh,sgd.SGD,1.0,100,0.5791,0,1,1,0.8648,0.1352
1191,Tanh,Tanh,sgd.SGD,1.0,100,0.5791,1,1,0,0.9356,0.9356
1192,Tanh,Tanh,sgd.SGD,1.0,1000,0.9068,0,1,1,0.7933,0.2067
1193,Tanh,Tanh,sgd.SGD,1.0,1000,0.9068,1,1,0,0.8933,0.8933
1194,Tanh,Tanh,sgd.SGD,1.0,2000,0.8409,0,1,1,0.6244,0.3756
1195,Tanh,Tanh,sgd.SGD,1.0,2000,0.8409,1,1,0,0.7835,0.7835
1196,Tanh,Tanh,sgd.SGD,1.0,5000,0.6681,0,1,1,0.1486,0.8514
1197,Tanh,Tanh,sgd.SGD,1.0,5000,0.6681,1,1,0,0.435,0.435
1198,Tanh,Tanh,sgd.SGD,1.0,10000,0.2910,0,1,1,-0.3986,1.3986
1199,Tanh,Tanh,sgd.SGD,1.0,10000,0.2910,1,1,0,0.2315,0.2315
1200,Tanh,Tanh,Adam,0.01,100,0.5624,0,1,1,0.5304,0.4696
1201,Tanh,Tanh,Adam,0.01,100,0.5624,1,1,0,0.4725,0.4725
1202,Tanh,Tanh,Adam,0.01,1000,0.5584,0,1,1,0.5331,0.4669
1203,Tanh,Tanh,Adam,0.01,1000,0.5584,1,1,0,0.4781,0.4781
1204,Tanh,Tanh,Adam,0.01,2000,0.5546,0,1,1,0.5357,0.4643
1205,Tanh,Tanh,Adam,0.01,2000,0.5546,1,1,0,0.4836,0.4836
1206,Tanh,Tanh,Adam,0.01,5000,0.5510,0,1,1,0.5383,0.4617
1207,Tanh,Tanh,Adam,0.01,5000,0.5510,1,1,0,0.4889,0.4889
1208,Tanh,Tanh,Adam,0.01,10000,0.5475,0,1,1,0.5406,0.4594
1209,Tanh,Tanh,Adam,0.01,10000,0.5475,1,1,0,0.4939,0.4939
1210,Tanh,Tanh,Adam,0.05,100,0.5491,0,1,1,0.5078,0.4922
1211,Tanh,Tanh,Adam,0.05,100,0.5491,1,1,0,0.5041,0.5041
1212,Tanh,Tanh,Adam,0.05,1000,0.5208,0,1,1,0.5385,0.4615
1213,Tanh,Tanh,Adam,0.05,1000,0.5208,1,1,0,0.5466,0.5466
1214,Tanh,Tanh,Adam,0.05,2000,0.4955,0,1,1,0.5688,0.4312
1215,Tanh,Tanh,Adam,0.05,2000,0.4955,1,1,0,0.5871,0.5871
1216,Tanh,Tanh,Adam,0.05,5000,0.4750,0,1,1,0.5961,0.4039
1217,Tanh,Tanh,Adam,0.05,5000,0.4750,1,1,0,0.6232,0.6232
1218,Tanh,Tanh,Adam,0.05,10000,0.4595,0,1,1,0.617,0.383
1219,Tanh,Tanh,Adam,0.05,10000,0.4595,1,1,0,0.6522,0.6522
1220,Tanh,Tanh,Adam,0.1,100,0.5608,0,1,1,0.5228,0.4772
1221,Tanh,Tanh,Adam,0.1,100,0.5608,1,1,0,0.4922,0.4922
1222,Tanh,Tanh,Adam,0.1,1000,0.5311,0,1,1,0.497,0.503
1223,Tanh,Tanh,Adam,0.1,1000,0.5311,1,1,0,0.4843,0.4843
1224,Tanh,Tanh,Adam,0.1,2000,0.5128,0,1,1,0.4855,0.5145
1225,Tanh,Tanh,Adam,0.1,2000,0.5128,1,1,0,0.4836,0.4836
1226,Tanh,Tanh,Adam,0.1,5000,0.5023,0,1,1,0.4855,0.5145
1227,Tanh,Tanh,Adam,0.1,5000,0.5023,1,1,0,0.4909,0.4909
1228,Tanh,Tanh,Adam,0.1,10000,0.4950,0,1,1,0.4894,0.5106
1229,Tanh,Tanh,Adam,0.1,10000,0.4950,1,1,0,0.5019,0.5019
1230,Tanh,Tanh,Adam,0.9,100,0.4658,0,1,1,0.3446,0.6554
1231,Tanh,Tanh,Adam,0.9,100,0.4658,1,1,0,0.7505,0.7505
1232,Tanh,Tanh,Adam,0.9,1000,0.1355,0,1,1,0.0466,0.9534
1233,Tanh,Tanh,Adam,0.9,1000,0.1355,1,1,0,0.8978,0.8978
1234,Tanh,Tanh,Adam,0.9,2000,0.0145,0,1,1,0.0054,0.9946
1235,Tanh,Tanh,Adam,0.9,2000,0.0145,1,1,0,0.9735,0.9735
1236,Tanh,Tanh,Adam,0.9,5000,0.0009,0,1,1,0.0008,0.9992
1237,Tanh,Tanh,Adam,0.9,5000,0.0009,1,1,0,0.9919,0.9919
1238,Tanh,Tanh,Adam,0.9,10000,0.0001,0,1,1,0.0002,0.9998
1239,Tanh,Tanh,Adam,0.9,10000,0.0001,1,1,0,0.997,0.997
1240,Tanh,Tanh,Adam,1.0,100,0.5080,0,1,1,0.9505,0.0495
1241,Tanh,Tanh,Adam,1.0,100,0.5080,1,1,0,0.9669,0.9669
1242,Tanh,Tanh,Adam,1.0,1000,0.8430,0,1,1,0.8734,0.1266
1243,Tanh,Tanh,Adam,1.0,1000,0.8430,1,1,0,0.9127,0.9127
1244,Tanh,Tanh,Adam,1.0,2000,0.6706,0,1,1,0.5747,0.4253
1245,Tanh,Tanh,Adam,1.0,2000,0.6706,1,1,0,0.5939,0.5939
1246,Tanh,Tanh,Adam,1.0,5000,0.4468,0,1,1,0.3473,0.6527
1247,Tanh,Tanh,Adam,1.0,5000,0.4468,1,1,0,0.494,0.494
1248,Tanh,Tanh,Adam,1.0,10000,0.3480,0,1,1,0.1679,0.8321
1249,Tanh,Tanh,Adam,1.0,10000,0.3480,1,1,0,0.6626,0.6626
1250,Tanh,Tanh,Adam,0.01,100,0.5195,0,1,1,0.6178,0.3822
1251,Tanh,Tanh,Adam,0.01,100,0.5195,1,1,0,0.6328,0.6328
1252,Tanh,Tanh,Adam,0.01,1000,0.5192,0,1,1,0.6174,0.3826
1253,Tanh,Tanh,Adam,0.01,1000,0.5192,1,1,0,0.6325,0.6325
1254,Tanh,Tanh,Adam,0.01,2000,0.5189,0,1,1,0.6169,0.3831
1255,Tanh,Tanh,Adam,0.01,2000,0.5189,1,1,0,0.6322,0.6322
1256,Tanh,Tanh,Adam,0.01,5000,0.5186,0,1,1,0.6165,0.3835
1257,Tanh,Tanh,Adam,0.01,5000,0.5186,1,1,0,0.6319,0.6319
1258,Tanh,Tanh,Adam,0.01,10000,0.5184,0,1,1,0.6161,0.3839
1259,Tanh,Tanh,Adam,0.01,10000,0.5184,1,1,0,0.6316,0.6316
1260,Tanh,Tanh,Adam,0.05,100,0.5452,0,1,1,0.3746,0.6254
1261,Tanh,Tanh,Adam,0.05,100,0.5452,1,1,0,0.367,0.367
1262,Tanh,Tanh,Adam,0.05,1000,0.5438,0,1,1,0.3763,0.6237
1263,Tanh,Tanh,Adam,0.05,1000,0.5438,1,1,0,0.3691,0.3691
1264,Tanh,Tanh,Adam,0.05,2000,0.5424,0,1,1,0.3779,0.6221
1265,Tanh,Tanh,Adam,0.05,2000,0.5424,1,1,0,0.3711,0.3711
1266,Tanh,Tanh,Adam,0.05,5000,0.5410,0,1,1,0.3795,0.6205
1267,Tanh,Tanh,Adam,0.05,5000,0.5410,1,1,0,0.3731,0.3731
1268,Tanh,Tanh,Adam,0.05,10000,0.5397,0,1,1,0.3811,0.6189
1269,Tanh,Tanh,Adam,0.05,10000,0.5397,1,1,0,0.3751,0.3751
1270,Tanh,Tanh,Adam,0.1,100,0.4969,0,1,1,0.4082,0.5918
1271,Tanh,Tanh,Adam,0.1,100,0.4969,1,1,0,0.4285,0.4285
1272,Tanh,Tanh,Adam,0.1,1000,0.4939,0,1,1,0.4107,0.5893
1273,Tanh,Tanh,Adam,0.1,1000,0.4939,1,1,0,0.4327,0.4327
1274,Tanh,Tanh,Adam,0.1,2000,0.4909,0,1,1,0.4131,0.5869
1275,Tanh,Tanh,Adam,0.1,2000,0.4909,1,1,0,0.4369,0.4369
1276,Tanh,Tanh,Adam,0.1,5000,0.4880,0,1,1,0.4154,0.5846
1277,Tanh,Tanh,Adam,0.1,5000,0.4880,1,1,0,0.441,0.441
1278,Tanh,Tanh,Adam,0.1,10000,0.4851,0,1,1,0.4176,0.5824
1279,Tanh,Tanh,Adam,0.1,10000,0.4851,1,1,0,0.445,0.445
1280,Tanh,Tanh,Adam,0.9,100,0.5371,0,1,1,0.2861,0.7139
1281,Tanh,Tanh,Adam,0.9,100,0.5371,1,1,0,0.3342,0.3342
1282,Tanh,Tanh,Adam,0.9,1000,0.4666,0,1,1,0.3017,0.6983
1283,Tanh,Tanh,Adam,0.9,1000,0.4666,1,1,0,0.3881,0.3881
1284,Tanh,Tanh,Adam,0.9,2000,0.4043,0,1,1,0.299,0.701
1285,Tanh,Tanh,Adam,0.9,2000,0.4043,1,1,0,0.4353,0.4353
1286,Tanh,Tanh,Adam,0.9,5000,0.3494,0,1,1,0.2808,0.7192
1287,Tanh,Tanh,Adam,0.9,5000,0.3494,1,1,0,0.4735,0.4735
1288,Tanh,Tanh,Adam,0.9,10000,0.2994,0,1,1,0.2528,0.7472
1289,Tanh,Tanh,Adam,0.9,10000,0.2994,1,1,0,0.5026,0.5026
1290,Tanh,Tanh,Adam,1.0,100,0.6317,0,1,1,0.3755,0.6245
1291,Tanh,Tanh,Adam,1.0,100,0.6317,1,1,0,0.3503,0.3503
1292,Tanh,Tanh,Adam,1.0,1000,0.5682,0,1,1,0.44,0.56
1293,Tanh,Tanh,Adam,1.0,1000,0.5682,1,1,0,0.425,0.425
1294,Tanh,Tanh,Adam,1.0,2000,0.5304,0,1,1,0.4836,0.5164
1295,Tanh,Tanh,Adam,1.0,2000,0.5304,1,1,0,0.4761,0.4761
1296,Tanh,Tanh,Adam,1.0,5000,0.5128,0,1,1,0.5098,0.4902
1297,Tanh,Tanh,Adam,1.0,5000,0.5128,1,1,0,0.5075,0.5075
1298,Tanh,Tanh,Adam,1.0,10000,0.5043,0,1,1,0.5251,0.4749
1299,Tanh,Tanh,Adam,1.0,10000,0.5043,1,1,0,0.5265,0.5265
1300,Tanh,Tanh,sgd.SGD,0.01,100,0.5596,0,1,1,0.584,0.416
1301,Tanh,Tanh,sgd.SGD,0.01,100,0.5596,1,1,0,0.5302,0.5302
1302,Tanh,Tanh,sgd.SGD,0.01,1000,0.5593,0,1,1,0.5839,0.4161
1303,Tanh,Tanh,sgd.SGD,0.01,1000,0.5593,1,1,0,0.5305,0.5305
1304,Tanh,Tanh,sgd.SGD,0.01,2000,0.5589,0,1,1,0.5838,0.4162
1305,Tanh,Tanh,sgd.SGD,0.01,2000,0.5589,1,1,0,0.5307,0.5307
1306,Tanh,Tanh,sgd.SGD,0.01,5000,0.5586,0,1,1,0.5837,0.4163
1307,Tanh,Tanh,sgd.SGD,0.01,5000,0.5586,1,1,0,0.5309,0.5309
1308,Tanh,Tanh,sgd.SGD,0.01,10000,0.5582,0,1,1,0.5836,0.4164
1309,Tanh,Tanh,sgd.SGD,0.01,10000,0.5582,1,1,0,0.5312,0.5312
1310,Tanh,Tanh,sgd.SGD,0.05,100,0.5582,0,1,1,0.5659,0.4341
1311,Tanh,Tanh,sgd.SGD,0.05,100,0.5582,1,1,0,0.5127,0.5127
1312,Tanh,Tanh,sgd.SGD,0.05,1000,0.5571,0,1,1,0.5648,0.4352
1313,Tanh,Tanh,sgd.SGD,0.05,1000,0.5571,1,1,0,0.5126,0.5126
1314,Tanh,Tanh,sgd.SGD,0.05,2000,0.5560,0,1,1,0.5638,0.4362
1315,Tanh,Tanh,sgd.SGD,0.05,2000,0.5560,1,1,0,0.5125,0.5125
1316,Tanh,Tanh,sgd.SGD,0.05,5000,0.5550,0,1,1,0.5628,0.4372
1317,Tanh,Tanh,sgd.SGD,0.05,5000,0.5550,1,1,0,0.5124,0.5124
1318,Tanh,Tanh,sgd.SGD,0.05,10000,0.5540,0,1,1,0.5618,0.4382
1319,Tanh,Tanh,sgd.SGD,0.05,10000,0.5540,1,1,0,0.5123,0.5123
1320,Tanh,Tanh,sgd.SGD,0.1,100,0.4886,0,1,1,0.531,0.469
1321,Tanh,Tanh,sgd.SGD,0.1,100,0.4886,1,1,0,0.5401,0.5401
1322,Tanh,Tanh,sgd.SGD,0.1,1000,0.4876,0,1,1,0.5309,0.4691
1323,Tanh,Tanh,sgd.SGD,0.1,1000,0.4876,1,1,0,0.5406,0.5406
1324,Tanh,Tanh,sgd.SGD,0.1,2000,0.4867,0,1,1,0.5307,0.4693
1325,Tanh,Tanh,sgd.SGD,0.1,2000,0.4867,1,1,0,0.5412,0.5412
1326,Tanh,Tanh,sgd.SGD,0.1,5000,0.4857,0,1,1,0.5306,0.4694
1327,Tanh,Tanh,sgd.SGD,0.1,5000,0.4857,1,1,0,0.5417,0.5417
1328,Tanh,Tanh,sgd.SGD,0.1,10000,0.4847,0,1,1,0.5305,0.4695
1329,Tanh,Tanh,sgd.SGD,0.1,10000,0.4847,1,1,0,0.5423,0.5423
1330,Tanh,Tanh,sgd.SGD,0.9,100,0.4337,0,1,1,0.3984,0.6016
1331,Tanh,Tanh,sgd.SGD,0.9,100,0.4337,1,1,0,0.5026,0.5026
1332,Tanh,Tanh,sgd.SGD,0.9,1000,0.4056,0,1,1,0.3891,0.6109
1333,Tanh,Tanh,sgd.SGD,0.9,1000,0.4056,1,1,0,0.5301,0.5301
1334,Tanh,Tanh,sgd.SGD,0.9,2000,0.3752,0,1,1,0.3706,0.6294
1335,Tanh,Tanh,sgd.SGD,0.9,2000,0.3752,1,1,0,0.554,0.554
1336,Tanh,Tanh,sgd.SGD,0.9,5000,0.3411,0,1,1,0.3452,0.6548
1337,Tanh,Tanh,sgd.SGD,0.9,5000,0.3411,1,1,0,0.5762,0.5762
1338,Tanh,Tanh,sgd.SGD,0.9,10000,0.3037,0,1,1,0.3161,0.6839
1339,Tanh,Tanh,sgd.SGD,0.9,10000,0.3037,1,1,0,0.5986,0.5986
1340,Tanh,Tanh,sgd.SGD,1.0,100,0.5363,0,1,1,0.525,0.475
1341,Tanh,Tanh,sgd.SGD,1.0,100,0.5363,1,1,0,0.5057,0.5057
1342,Tanh,Tanh,sgd.SGD,1.0,1000,0.5186,0,1,1,0.519,0.481
1343,Tanh,Tanh,sgd.SGD,1.0,1000,0.5186,1,1,0,0.5156,0.5156
1344,Tanh,Tanh,sgd.SGD,1.0,2000,0.5052,0,1,1,0.5117,0.4883
1345,Tanh,Tanh,sgd.SGD,1.0,2000,0.5052,1,1,0,0.5222,0.5222
1346,Tanh,Tanh,sgd.SGD,1.0,5000,0.4935,0,1,1,0.5025,0.4975
1347,Tanh,Tanh,sgd.SGD,1.0,5000,0.4935,1,1,0,0.5267,0.5267
1348,Tanh,Tanh,sgd.SGD,1.0,10000,0.4820,0,1,1,0.491,0.509
1349,Tanh,Tanh,sgd.SGD,1.0,10000,0.4820,1,1,0,0.5302,0.5302
